grid_case_id,method_label,block_id,block_name,sequence,process_name,process_index,start_time,end_time,duration_min,assigned_bay,machine_type
b150_overload_r1,Proposed,6,BLK_6P,1,판계,1,2025-12-02 08:00:00,2025-12-02 08:36:18,36.3,,공통
b150_overload_r1,Proposed,6,BLK_6P,1,전면SAW,2,2025-12-02 08:36:18,2025-12-02 10:30:15,114.0,,공통
b150_overload_r1,Proposed,6,BLK_6P,1,TurnOver,3,2025-12-02 10:30:15,2025-12-02 10:43:27,13.2,,공통
b150_overload_r1,Proposed,6,BLK_6P,1,후면SAW,4,2025-12-02 10:43:27,2025-12-02 12:13:54,90.4,,공통
b150_overload_r1,Proposed,6,BLK_6P,1,NC,5,2025-12-02 12:13:54,2025-12-02 13:00:53,47.0,,공통
b150_overload_r1,Proposed,6,BLK_6P,1,베이35A 론지취부,6,2025-12-02 13:00:53,2025-12-02 14:40:26,99.6,35A,베이35A
b150_overload_r1,Proposed,6,BLK_6P,1,베이35A 론지용접,7,2025-12-02 14:40:26,2025-12-02 15:09:55,29.5,35A,베이35A
b150_overload_r1,Proposed,6,BLK_6P,1,베이35A 수정,8,2025-12-02 15:09:55,2025-12-02 16:11:05,61.2,35A,베이35A
b150_overload_r1,Proposed,2,BLK_2C,2,판계,1,2025-12-02 08:36:18,2025-12-02 09:09:18,33.0,,공통
b150_overload_r1,Proposed,2,BLK_2C,2,전면SAW,2,2025-12-02 10:30:15,2025-12-02 11:06:24,36.1,,공통
b150_overload_r1,Proposed,2,BLK_2C,2,TurnOver,3,2025-12-02 11:06:24,2025-12-02 11:19:36,13.2,,공통
b150_overload_r1,Proposed,2,BLK_2C,2,후면SAW,4,2025-12-02 12:13:54,2025-12-02 12:38:14,24.3,,공통
b150_overload_r1,Proposed,2,BLK_2C,2,NC,5,2025-12-02 13:00:53,2025-12-02 13:50:50,50.0,,공통
b150_overload_r1,Proposed,2,BLK_2C,2,베이36B 론지취부,6,2025-12-02 13:50:50,2025-12-02 15:45:47,115.0,36B,베이36B
b150_overload_r1,Proposed,2,BLK_2C,2,베이36B 론지용접,7,2025-12-02 15:45:47,2025-12-02 16:17:54,32.1,36B,베이36B
b150_overload_r1,Proposed,2,BLK_2C,2,베이36B 수정,8,2025-12-02 16:17:54,2025-12-02 17:28:45,70.8,36B,베이36B
b150_overload_r1,Proposed,99,BLK_99S,3,판계,1,2025-12-02 09:09:18,2025-12-02 09:47:48,38.5,,공통
b150_overload_r1,Proposed,99,BLK_99S,3,전면SAW,2,2025-12-02 11:06:24,2025-12-02 13:34:10,147.8,,공통
b150_overload_r1,Proposed,99,BLK_99S,3,TurnOver,3,2025-12-02 13:34:10,2025-12-02 13:47:22,13.2,,공통
b150_overload_r1,Proposed,99,BLK_99S,3,후면SAW,4,2025-12-02 13:47:22,2025-12-02 15:53:39,126.3,,공통
b150_overload_r1,Proposed,99,BLK_99S,3,NC,5,2025-12-02 15:53:39,2025-12-02 16:35:08,41.5,,공통
b150_overload_r1,Proposed,99,BLK_99S,3,베이35A 론지취부,6,2025-12-02 16:35:08,2025-12-02 17:09:14,34.1,35A,베이35A
b150_overload_r1,Proposed,99,BLK_99S,3,베이35A 론지용접,7,2025-12-02 17:09:14,2025-12-02 17:27:30,18.3,35A,베이35A
b150_overload_r1,Proposed,99,BLK_99S,3,베이35A 수정,8,2025-12-02 17:27:30,2025-12-02 17:47:31,20.0,35A,베이35A
b150_overload_r1,Proposed,58,BLK_58C,4,판계,1,2025-12-02 09:47:48,2025-12-02 10:15:18,27.5,,공통
b150_overload_r1,Proposed,58,BLK_58C,4,전면SAW,2,2025-12-02 13:34:10,2025-12-02 14:11:43,37.5,,공통
b150_overload_r1,Proposed,58,BLK_58C,4,TurnOver,3,2025-12-02 14:11:43,2025-12-02 14:24:55,13.2,,공통
b150_overload_r1,Proposed,58,BLK_58C,4,후면SAW,4,2025-12-02 15:53:39,2025-12-02 16:19:49,26.2,,공통
b150_overload_r1,Proposed,58,BLK_58C,4,NC,5,2025-12-02 16:35:08,2025-12-02 17:14:31,39.4,,공통
b150_overload_r1,Proposed,58,BLK_58C,4,베이36B 론지취부,6,2025-12-02 17:14:31,2025-12-02 18:57:55,103.4,36B,베이36B
b150_overload_r1,Proposed,58,BLK_58C,4,베이36B 론지용접,7,2025-12-02 18:57:55,2025-12-02 19:28:03,30.1,36B,베이36B
b150_overload_r1,Proposed,58,BLK_58C,4,베이36B 수정,8,2025-12-02 19:28:03,2025-12-02 20:31:38,63.6,36B,베이36B
b150_overload_r1,Proposed,119,BLK_119S,5,판계,1,2025-12-02 10:15:18,2025-12-02 10:37:18,22.0,,공통
b150_overload_r1,Proposed,119,BLK_119S,5,전면SAW,2,2025-12-02 14:11:43,2025-12-02 16:12:35,120.9,,공통
b150_overload_r1,Proposed,119,BLK_119S,5,TurnOver,3,2025-12-02 16:12:35,2025-12-02 16:25:47,13.2,,공통
b150_overload_r1,Proposed,119,BLK_119S,5,후면SAW,4,2025-12-02 16:25:47,2025-12-02 18:02:31,96.7,,공통
b150_overload_r1,Proposed,119,BLK_119S,5,NC,5,2025-12-02 18:02:31,2025-12-02 18:30:29,28.0,,공통
b150_overload_r1,Proposed,119,BLK_119S,5,베이35A 론지취부,6,2025-12-02 18:30:29,2025-12-02 19:23:50,53.4,35A,베이35A
b150_overload_r1,Proposed,119,BLK_119S,5,베이35A 론지용접,7,2025-12-02 19:23:50,2025-12-02 19:45:24,21.6,35A,베이35A
b150_overload_r1,Proposed,119,BLK_119S,5,베이35A 수정,8,2025-12-02 19:45:24,2025-12-02 20:17:31,32.1,35A,베이35A
b150_overload_r1,Proposed,59,BLK_59C,6,판계,1,2025-12-02 10:37:18,2025-12-02 11:10:18,33.0,,공통
b150_overload_r1,Proposed,59,BLK_59C,6,전면SAW,2,2025-12-02 16:12:35,2025-12-02 16:55:18,42.7,,공통
b150_overload_r1,Proposed,59,BLK_59C,6,TurnOver,3,2025-12-02 16:55:18,2025-12-02 17:08:30,13.2,,공통
b150_overload_r1,Proposed,59,BLK_59C,6,후면SAW,4,2025-12-02 18:02:31,2025-12-02 18:35:30,33.0,,공통
b150_overload_r1,Proposed,59,BLK_59C,6,NC,5,2025-12-02 18:35:30,2025-12-02 19:19:54,44.4,,공통
b150_overload_r1,Proposed,59,BLK_59C,6,베이36B 론지취부,6,2025-12-02 19:19:54,2025-12-02 20:17:06,57.2,36B,베이36B
b150_overload_r1,Proposed,59,BLK_59C,6,베이36B 론지용접,7,2025-12-02 20:17:06,2025-12-02 20:39:19,22.2,36B,베이36B
b150_overload_r1,Proposed,59,BLK_59C,6,베이36B 수정,8,2025-12-02 20:39:19,2025-12-02 21:13:52,34.5,36B,베이36B
b150_overload_r1,Proposed,98,BLK_98C,7,판계,1,2025-12-02 11:10:18,2025-12-02 11:32:18,22.0,,공통
b150_overload_r1,Proposed,98,BLK_98C,7,전면SAW,2,2025-12-02 16:55:18,2025-12-02 19:04:57,129.6,,공통
b150_overload_r1,Proposed,98,BLK_98C,7,TurnOver,3,2025-12-02 19:04:57,2025-12-02 19:18:09,13.2,,공통
b150_overload_r1,Proposed,98,BLK_98C,7,후면SAW,4,2025-12-02 19:18:09,2025-12-02 21:02:54,104.7,,공통
b150_overload_r1,Proposed,98,BLK_98C,7,NC,5,2025-12-02 21:02:54,2025-12-02 21:31:30,28.6,,공통
b150_overload_r1,Proposed,98,BLK_98C,7,베이35A 론지취부,6,2025-12-02 21:31:30,2025-12-02 22:17:09,45.7,35A,베이35A
b150_overload_r1,Proposed,98,BLK_98C,7,베이35A 론지용접,7,2025-12-02 22:17:09,2025-12-02 22:32:59,15.8,35A,베이35A
b150_overload_r1,Proposed,98,BLK_98C,7,베이35A 수정,8,2025-12-02 22:32:59,2025-12-02 23:00:16,27.3,35A,베이35A
b150_overload_r1,Proposed,69,BLK_69P,8,판계,1,2025-12-02 11:32:18,2025-12-02 11:54:18,22.0,,공통
b150_overload_r1,Proposed,69,BLK_69P,8,전면SAW,2,2025-12-02 19:04:57,2025-12-02 19:59:12,54.2,,공통
b150_overload_r1,Proposed,69,BLK_69P,8,TurnOver,3,2025-12-02 19:59:12,2025-12-02 20:12:24,13.2,,공통
b150_overload_r1,Proposed,69,BLK_69P,8,후면SAW,4,2025-12-02 21:02:54,2025-12-02 21:51:02,48.1,,공통
b150_overload_r1,Proposed,69,BLK_69P,8,NC,5,2025-12-02 21:51:02,2025-12-02 22:21:25,30.4,,공통
b150_overload_r1,Proposed,69,BLK_69P,8,베이36B 론지취부,6,2025-12-02 22:21:25,2025-12-02 23:10:55,49.5,36B,베이36B
b150_overload_r1,Proposed,69,BLK_69P,8,베이36B 론지용접,7,2025-12-02 23:10:55,2025-12-02 23:31:49,20.9,36B,베이36B
b150_overload_r1,Proposed,69,BLK_69P,8,베이36B 수정,8,2025-12-02 23:31:49,2025-12-03 00:01:31,29.7,36B,베이36B
b150_overload_r1,Proposed,118,BLK_118C,9,판계,1,2025-12-02 11:54:18,2025-12-02 12:30:36,36.3,,공통
b150_overload_r1,Proposed,118,BLK_118C,9,전면SAW,2,2025-12-02 19:59:12,2025-12-02 21:38:57,99.8,,공통
b150_overload_r1,Proposed,118,BLK_118C,9,TurnOver,3,2025-12-02 21:38:57,2025-12-02 21:52:09,13.2,,공통
b150_overload_r1,Proposed,118,BLK_118C,9,후면SAW,4,2025-12-02 21:52:09,2025-12-02 23:09:39,77.5,,공통
b150_overload_r1,Proposed,118,BLK_118C,9,NC,5,2025-12-02 23:09:39,2025-12-02 23:53:38,44.0,,공통
b150_overload_r1,Proposed,118,BLK_118C,9,베이35A 론지취부,6,2025-12-02 23:53:38,2025-12-03 00:46:59,53.4,35A,베이35A
b150_overload_r1,Proposed,118,BLK_118C,9,베이35A 론지용접,7,2025-12-03 00:46:59,2025-12-03 01:08:32,21.6,35A,베이35A
b150_overload_r1,Proposed,118,BLK_118C,9,베이35A 수정,8,2025-12-03 01:08:32,2025-12-03 01:40:39,32.1,35A,베이35A
b150_overload_r1,Proposed,68,BLK_68S,10,판계,1,2025-12-02 12:30:36,2025-12-02 12:58:06,27.5,,공통
b150_overload_r1,Proposed,68,BLK_68S,10,전면SAW,2,2025-12-02 21:38:57,2025-12-02 22:14:54,35.9,,공통
b150_overload_r1,Proposed,68,BLK_68S,10,TurnOver,3,2025-12-02 22:14:54,2025-12-02 22:28:06,13.2,,공통
b150_overload_r1,Proposed,68,BLK_68S,10,후면SAW,4,2025-12-02 23:09:39,2025-12-02 23:33:43,24.1,,공통
b150_overload_r1,Proposed,68,BLK_68S,10,NC,5,2025-12-02 23:53:38,2025-12-03 00:32:12,38.6,,공통
b150_overload_r1,Proposed,68,BLK_68S,10,베이36B 론지취부,6,2025-12-03 00:32:12,2025-12-03 01:33:15,61.1,36B,베이36B
b150_overload_r1,Proposed,68,BLK_68S,10,베이36B 론지용접,7,2025-12-03 01:33:15,2025-12-03 01:56:07,22.9,36B,베이36B
b150_overload_r1,Proposed,68,BLK_68S,10,베이36B 수정,8,2025-12-03 01:56:07,2025-12-03 02:33:05,37.0,36B,베이36B
b150_overload_r1,Proposed,1,BLK_1C,11,판계,1,2025-12-02 12:58:06,2025-12-02 13:11:18,13.2,,공통
b150_overload_r1,Proposed,1,BLK_1C,11,전면SAW,2,2025-12-02 22:14:54,2025-12-02 22:57:45,42.9,,공통
b150_overload_r1,Proposed,1,BLK_1C,11,TurnOver,3,2025-12-02 22:57:45,2025-12-02 23:10:57,13.2,,공통
b150_overload_r1,Proposed,1,BLK_1C,11,후면SAW,4,2025-12-02 23:33:43,2025-12-03 00:06:52,33.2,,공통
b150_overload_r1,Proposed,1,BLK_1C,11,NC,5,2025-12-03 00:32:12,2025-12-03 00:54:56,22.7,,공통
b150_overload_r1,Proposed,1,BLK_1C,11,베이35A 론지취부,6,2025-12-03 00:54:56,2025-12-03 02:53:44,118.8,35A,베이35A
b150_overload_r1,Proposed,1,BLK_1C,11,베이35A 론지용접,7,2025-12-03 02:53:44,2025-12-03 04:18:13,84.5,35A,베이35A
b150_overload_r1,Proposed,1,BLK_1C,11,베이35A 수정,8,2025-12-03 04:18:13,2025-12-03 04:26:08,7.9,35A,베이35A
b150_overload_r1,Proposed,10,BLK_10C,12,판계,1,2025-12-02 13:11:18,2025-12-02 13:38:48,27.5,,공통
b150_overload_r1,Proposed,10,BLK_10C,12,전면SAW,2,2025-12-02 22:57:45,2025-12-02 23:36:15,38.5,,공통
b150_overload_r1,Proposed,10,BLK_10C,12,TurnOver,3,2025-12-02 23:36:15,2025-12-02 23:49:27,13.2,,공통
b150_overload_r1,Proposed,10,BLK_10C,12,후면SAW,4,2025-12-03 00:06:52,2025-12-03 00:34:16,27.4,,공통
b150_overload_r1,Proposed,10,BLK_10C,12,NC,5,2025-12-03 00:54:56,2025-12-03 01:35:53,41.0,,공통
b150_overload_r1,Proposed,10,BLK_10C,12,베이36B 론지취부,6,2025-12-03 01:35:53,2025-12-03 03:00:02,84.2,36B,베이36B
b150_overload_r1,Proposed,10,BLK_10C,12,베이36B 론지용접,7,2025-12-03 03:00:02,2025-12-03 03:26:52,26.8,36B,베이36B
b150_overload_r1,Proposed,10,BLK_10C,12,베이36B 수정,8,2025-12-03 03:26:52,2025-12-03 04:18:21,51.5,36B,베이36B
b150_overload_r1,Proposed,21,BLK_21S,13,판계,1,2025-12-02 13:38:48,2025-12-02 14:20:36,41.8,,공통
b150_overload_r1,Proposed,21,BLK_21S,13,전면SAW,2,2025-12-02 23:36:15,2025-12-03 00:53:31,77.3,,공통
b150_overload_r1,Proposed,21,BLK_21S,13,TurnOver,3,2025-12-03 00:53:31,2025-12-03 01:06:43,13.2,,공통
b150_overload_r1,Proposed,21,BLK_21S,13,후면SAW,4,2025-12-03 01:06:43,2025-12-03 02:03:41,57.0,,공통
b150_overload_r1,Proposed,21,BLK_21S,13,NC,5,2025-12-03 02:03:41,2025-12-03 02:52:29,48.8,,공통
b150_overload_r1,Proposed,21,BLK_21S,13,베이35A 론지취부,6,2025-12-03 02:53:44,2025-12-03 03:54:47,61.1,35A,베이35A
b150_overload_r1,Proposed,21,BLK_21S,13,베이35A 론지용접,7,2025-12-03 04:18:13,2025-12-03 04:41:05,22.9,35A,베이35A
b150_overload_r1,Proposed,21,BLK_21S,13,베이35A 수정,8,2025-12-03 04:41:05,2025-12-03 05:18:03,37.0,35A,베이35A
b150_overload_r1,Proposed,139,BLK_139S,14,판계,1,2025-12-02 14:20:36,2025-12-02 14:53:36,33.0,,공통
b150_overload_r1,Proposed,139,BLK_139S,14,전면SAW,2,2025-12-03 00:53:31,2025-12-03 01:28:51,35.3,,공통
b150_overload_r1,Proposed,139,BLK_139S,14,TurnOver,3,2025-12-03 01:28:51,2025-12-03 01:42:03,13.2,,공통
b150_overload_r1,Proposed,139,BLK_139S,14,후면SAW,4,2025-12-03 02:03:41,2025-12-03 02:26:57,23.3,,공통
b150_overload_r1,Proposed,139,BLK_139S,14,NC,5,2025-12-03 02:52:29,2025-12-03 03:40:35,48.1,,공통
b150_overload_r1,Proposed,139,BLK_139S,14,베이36B 론지취부,6,2025-12-03 03:40:35,2025-12-03 05:16:17,95.7,36B,베이36B
b150_overload_r1,Proposed,139,BLK_139S,14,베이36B 론지용접,7,2025-12-03 05:16:17,2025-12-03 05:45:07,28.8,36B,베이36B
b150_overload_r1,Proposed,139,BLK_139S,14,베이36B 수정,8,2025-12-03 05:45:07,2025-12-03 06:43:51,58.7,36B,베이36B
b150_overload_r1,Proposed,129,BLK_129C,15,판계,1,2025-12-02 14:53:36,2025-12-02 15:06:48,13.2,,공통
b150_overload_r1,Proposed,129,BLK_129C,15,전면SAW,2,2025-12-03 01:28:51,2025-12-03 02:44:48,76.0,,공통
b150_overload_r1,Proposed,129,BLK_129C,15,TurnOver,3,2025-12-03 02:44:48,2025-12-03 02:58:00,13.2,,공통
b150_overload_r1,Proposed,129,BLK_129C,15,후면SAW,4,2025-12-03 02:58:00,2025-12-03 04:14:43,76.7,,공통
b150_overload_r1,Proposed,129,BLK_129C,15,NC,5,2025-12-03 04:14:43,2025-12-03 04:37:55,23.2,,공통
b150_overload_r1,Proposed,129,BLK_129C,15,베이35A 론지취부,6,2025-12-03 04:37:55,2025-12-03 05:04:19,26.4,35A,베이35A
b150_overload_r1,Proposed,129,BLK_129C,15,베이35A 론지용접,7,2025-12-03 05:04:19,2025-12-03 05:16:52,12.5,35A,베이35A
b150_overload_r1,Proposed,129,BLK_129C,15,베이35A 수정,8,2025-12-03 05:18:03,2025-12-03 05:33:14,15.2,35A,베이35A
b150_overload_r1,Proposed,109,BLK_109C,16,판계,1,2025-12-02 15:06:48,2025-12-02 15:20:00,13.2,,공통
b150_overload_r1,Proposed,109,BLK_109C,16,전면SAW,2,2025-12-03 02:44:48,2025-12-03 03:31:04,46.3,,공통
b150_overload_r1,Proposed,109,BLK_109C,16,TurnOver,3,2025-12-03 03:31:04,2025-12-03 03:44:16,13.2,,공통
b150_overload_r1,Proposed,109,BLK_109C,16,후면SAW,4,2025-12-03 04:14:43,2025-12-03 04:52:22,37.7,,공통
b150_overload_r1,Proposed,109,BLK_109C,16,NC,5,2025-12-03 04:52:22,2025-12-03 05:17:49,25.4,,공통
b150_overload_r1,Proposed,109,BLK_109C,16,베이36B 론지취부,6,2025-12-03 05:17:49,2025-12-03 06:38:07,80.3,36B,베이36B
b150_overload_r1,Proposed,109,BLK_109C,16,베이36B 론지용접,7,2025-12-03 06:38:07,2025-12-03 07:04:18,26.2,36B,베이36B
b150_overload_r1,Proposed,109,BLK_109C,16,베이36B 수정,8,2025-12-03 07:04:18,2025-12-03 07:53:21,49.1,36B,베이36B
b150_overload_r1,Proposed,9,BLK_9C,17,판계,1,2025-12-02 15:20:00,2025-12-02 15:53:00,33.0,,공통
b150_overload_r1,Proposed,9,BLK_9C,17,전면SAW,2,2025-12-03 03:31:04,2025-12-03 05:27:25,116.3,,공통
b150_overload_r1,Proposed,9,BLK_9C,17,TurnOver,3,2025-12-03 05:27:25,2025-12-03 05:40:37,13.2,,공통
b150_overload_r1,Proposed,9,BLK_9C,17,후면SAW,4,2025-12-03 05:40:37,2025-12-03 07:02:49,82.2,,공통
b150_overload_r1,Proposed,9,BLK_9C,17,NC,5,2025-12-03 07:02:49,2025-12-03 08:01:00,58.2,,공통
b150_overload_r1,Proposed,9,BLK_9C,17,베이35A 론지취부,6,2025-12-03 08:01:00,2025-12-03 08:50:30,49.5,35A,베이35A
b150_overload_r1,Proposed,9,BLK_9C,17,베이35A 론지용접,7,2025-12-03 08:50:30,2025-12-03 09:11:24,20.9,35A,베이35A
b150_overload_r1,Proposed,9,BLK_9C,17,베이35A 수정,8,2025-12-03 09:11:24,2025-12-03 09:41:06,29.7,35A,베이35A
b150_overload_r1,Proposed,79,BLK_79S,18,판계,1,2025-12-02 15:53:00,2025-12-02 16:26:00,33.0,,공통
b150_overload_r1,Proposed,79,BLK_79S,18,전면SAW,2,2025-12-03 05:27:25,2025-12-03 06:02:08,34.7,,공통
b150_overload_r1,Proposed,79,BLK_79S,18,TurnOver,3,2025-12-03 06:02:08,2025-12-03 06:15:20,13.2,,공통
b150_overload_r1,Proposed,79,BLK_79S,18,후면SAW,4,2025-12-03 07:02:49,2025-12-03 07:25:15,22.4,,공통
b150_overload_r1,Proposed,79,BLK_79S,18,NC,5,2025-12-03 08:01:00,2025-12-03 08:46:56,45.9,,공통
b150_overload_r1,Proposed,79,BLK_79S,18,베이36B 론지취부,6,2025-12-03 08:46:56,2025-12-03 09:51:50,64.9,36B,베이36B
b150_overload_r1,Proposed,79,BLK_79S,18,베이36B 론지용접,7,2025-12-03 09:51:50,2025-12-03 10:15:23,23.5,36B,베이36B
b150_overload_r1,Proposed,79,BLK_79S,18,베이36B 수정,8,2025-12-03 10:15:23,2025-12-03 10:54:46,39.4,36B,베이36B
b150_overload_r1,Proposed,13,BLK_13S,19,판계,1,2025-12-02 16:26:00,2025-12-02 16:48:00,22.0,,공통
b150_overload_r1,Proposed,13,BLK_13S,19,전면SAW,2,2025-12-03 06:02:08,2025-12-03 06:36:12,34.1,,공통
b150_overload_r1,Proposed,13,BLK_13S,19,TurnOver,3,2025-12-03 06:36:12,2025-12-03 06:49:24,13.2,,공통
b150_overload_r1,Proposed,13,BLK_13S,19,후면SAW,4,2025-12-03 07:25:15,2025-12-03 07:46:49,21.6,,공통
b150_overload_r1,Proposed,13,BLK_13S,19,NC,5,2025-12-03 08:46:56,2025-12-03 09:18:09,31.2,,공통
b150_overload_r1,Proposed,13,BLK_13S,19,베이35A 론지취부,6,2025-12-03 09:18:09,2025-12-03 09:48:24,30.3,35A,베이35A
b150_overload_r1,Proposed,13,BLK_13S,19,베이35A 론지용접,7,2025-12-03 09:48:24,2025-12-03 10:06:00,17.6,35A,베이35A
b150_overload_r1,Proposed,13,BLK_13S,19,베이35A 수정,8,2025-12-03 10:06:00,2025-12-03 10:23:36,17.6,35A,베이35A
b150_overload_r1,Proposed,89,BLK_89P,20,판계,1,2025-12-02 16:48:00,2025-12-02 17:21:00,33.0,,공통
b150_overload_r1,Proposed,89,BLK_89P,20,전면SAW,2,2025-12-03 06:36:12,2025-12-03 07:09:08,32.9,,공통
b150_overload_r1,Proposed,89,BLK_89P,20,TurnOver,3,2025-12-03 07:09:08,2025-12-03 07:22:20,13.2,,공통
b150_overload_r1,Proposed,89,BLK_89P,20,후면SAW,4,2025-12-03 07:46:49,2025-12-03 08:06:57,20.1,,공통
b150_overload_r1,Proposed,89,BLK_89P,20,NC,5,2025-12-03 09:18:09,2025-12-03 10:10:32,52.4,,공통
b150_overload_r1,Proposed,89,BLK_89P,20,베이36B 론지취부,6,2025-12-03 10:10:32,2025-12-03 11:46:14,95.7,36B,베이36B
b150_overload_r1,Proposed,89,BLK_89P,20,베이36B 론지용접,7,2025-12-03 11:46:14,2025-12-03 12:15:04,28.8,36B,베이36B
b150_overload_r1,Proposed,89,BLK_89P,20,베이36B 수정,8,2025-12-03 12:15:04,2025-12-03 13:13:48,58.7,36B,베이36B
b150_overload_r1,Proposed,5,BLK_5S,21,판계,1,2025-12-02 17:21:00,2025-12-02 18:10:30,49.5,,공통
b150_overload_r1,Proposed,5,BLK_5S,21,전면SAW,2,2025-12-03 07:09:08,2025-12-03 07:47:53,38.7,,공통
b150_overload_r1,Proposed,5,BLK_5S,21,TurnOver,3,2025-12-03 07:47:53,2025-12-03 08:01:05,13.2,,공통
b150_overload_r1,Proposed,5,BLK_5S,21,후면SAW,4,2025-12-03 08:06:57,2025-12-03 08:34:41,27.7,,공통
b150_overload_r1,Proposed,5,BLK_5S,21,NC,5,2025-12-03 10:10:32,2025-12-03 11:07:25,56.9,,공통
b150_overload_r1,Proposed,5,BLK_5S,21,베이35A 론지취부,6,2025-12-03 11:07:25,2025-12-03 12:12:19,64.9,35A,베이35A
b150_overload_r1,Proposed,5,BLK_5S,21,베이35A 론지용접,7,2025-12-03 12:12:19,2025-12-03 12:35:51,23.5,35A,베이35A
b150_overload_r1,Proposed,5,BLK_5S,21,베이35A 수정,8,2025-12-03 12:35:51,2025-12-03 13:15:14,39.4,35A,베이35A
b150_overload_r1,Proposed,17,BLK_17P,22,판계,1,2025-12-02 18:10:30,2025-12-02 18:23:42,13.2,,공통
b150_overload_r1,Proposed,17,BLK_17P,22,전면SAW,2,2025-12-03 07:47:53,2025-12-03 08:34:52,47.0,,공통
b150_overload_r1,Proposed,17,BLK_17P,22,TurnOver,3,2025-12-03 08:34:52,2025-12-03 08:48:04,13.2,,공통
b150_overload_r1,Proposed,17,BLK_17P,22,후면SAW,4,2025-12-03 08:48:04,2025-12-03 09:26:38,38.6,,공통
b150_overload_r1,Proposed,17,BLK_17P,22,NC,5,2025-12-03 11:07:25,2025-12-03 11:30:27,23.0,,공통
b150_overload_r1,Proposed,17,BLK_17P,22,베이36B 론지취부,6,2025-12-03 11:46:14,2025-12-03 12:31:53,45.7,36B,베이36B
b150_overload_r1,Proposed,17,BLK_17P,22,베이36B 론지용접,7,2025-12-03 12:31:53,2025-12-03 12:47:44,15.8,36B,베이36B
b150_overload_r1,Proposed,17,BLK_17P,22,베이36B 수정,8,2025-12-03 13:13:48,2025-12-03 13:41:05,27.3,36B,베이36B
b150_overload_r1,Proposed,128,BLK_128S,1,판계,1,2025-12-03 08:00:00,2025-12-03 08:44:00,44.0,,공통
b150_overload_r1,Proposed,128,BLK_128S,1,전면SAW,2,2025-12-03 08:44:00,2025-12-03 11:37:16,173.3,,공통
b150_overload_r1,Proposed,128,BLK_128S,1,TurnOver,3,2025-12-03 11:37:16,2025-12-03 11:50:28,13.2,,공통
b150_overload_r1,Proposed,128,BLK_128S,1,후면SAW,4,2025-12-03 11:50:28,2025-12-03 13:58:14,127.8,,공통
b150_overload_r1,Proposed,128,BLK_128S,1,NC,5,2025-12-03 13:58:14,2025-12-03 14:49:01,50.8,,공통
b150_overload_r1,Proposed,128,BLK_128S,1,베이35A 론지취부,6,2025-12-03 14:49:01,2025-12-03 15:46:13,57.2,35A,베이35A
b150_overload_r1,Proposed,128,BLK_128S,1,베이35A 론지용접,7,2025-12-03 15:46:13,2025-12-03 16:08:26,22.2,35A,베이35A
b150_overload_r1,Proposed,128,BLK_128S,1,베이35A 수정,8,2025-12-03 16:08:26,2025-12-03 16:42:59,34.5,35A,베이35A
b150_overload_r1,Proposed,88,BLK_88S,2,판계,1,2025-12-03 08:44:00,2025-12-03 09:17:00,33.0,,공통
b150_overload_r1,Proposed,88,BLK_88S,2,전면SAW,2,2025-12-03 11:37:16,2025-12-03 12:28:15,51.0,,공통
b150_overload_r1,Proposed,88,BLK_88S,2,TurnOver,3,2025-12-03 12:28:15,2025-12-03 12:41:27,13.2,,공통
b150_overload_r1,Proposed,88,BLK_88S,2,후면SAW,4,2025-12-03 13:58:14,2025-12-03 14:42:05,43.8,,공통
b150_overload_r1,Proposed,88,BLK_88S,2,NC,5,2025-12-03 14:49:01,2025-12-03 15:43:39,54.6,,공통
b150_overload_r1,Proposed,88,BLK_88S,2,베이36B 론지취부,6,2025-12-03 15:43:39,2025-12-03 17:38:36,115.0,36B,베이36B
b150_overload_r1,Proposed,88,BLK_88S,2,베이36B 론지용접,7,2025-12-03 17:38:36,2025-12-03 18:10:43,32.1,36B,베이36B
b150_overload_r1,Proposed,88,BLK_88S,2,베이36B 수정,8,2025-12-03 18:10:43,2025-12-03 19:21:33,70.8,36B,베이36B
b150_overload_r1,Proposed,18,BLK_18C,3,판계,1,2025-12-03 09:17:00,2025-12-03 09:58:48,41.8,,공통
b150_overload_r1,Proposed,18,BLK_18C,3,전면SAW,2,2025-12-03 12:28:15,2025-12-03 14:08:10,99.9,,공통
b150_overload_r1,Proposed,18,BLK_18C,3,TurnOver,3,2025-12-03 14:08:10,2025-12-03 14:21:22,13.2,,공통
b150_overload_r1,Proposed,18,BLK_18C,3,후면SAW,4,2025-12-03 14:42:05,2025-12-03 15:59:43,77.6,,공통
b150_overload_r1,Proposed,18,BLK_18C,3,NC,5,2025-12-03 15:59:43,2025-12-03 16:47:40,48.0,,공통
b150_overload_r1,Proposed,18,BLK_18C,3,베이35A 론지취부,6,2025-12-03 16:47:40,2025-12-03 17:41:01,53.4,35A,베이35A
b150_overload_r1,Proposed,18,BLK_18C,3,베이35A 론지용접,7,2025-12-03 17:41:01,2025-12-03 18:02:35,21.6,35A,베이35A
b150_overload_r1,Proposed,18,BLK_18C,3,베이35A 수정,8,2025-12-03 18:02:35,2025-12-03 18:34:42,32.1,35A,베이35A
b150_overload_r1,Proposed,30,BLK_30S,4,판계,1,2025-12-03 09:58:48,2025-12-03 10:26:18,27.5,,공통
b150_overload_r1,Proposed,30,BLK_30S,4,전면SAW,2,2025-12-03 14:08:10,2025-12-03 14:53:59,45.8,,공통
b150_overload_r1,Proposed,30,BLK_30S,4,TurnOver,3,2025-12-03 14:53:59,2025-12-03 15:07:11,13.2,,공통
b150_overload_r1,Proposed,30,BLK_30S,4,후면SAW,4,2025-12-03 15:59:43,2025-12-03 16:36:46,37.1,,공통
b150_overload_r1,Proposed,30,BLK_30S,4,NC,5,2025-12-03 16:47:40,2025-12-03 17:26:38,39.0,,공통
b150_overload_r1,Proposed,30,BLK_30S,4,베이36B 론지취부,6,2025-12-03 17:38:36,2025-12-03 19:02:45,84.2,36B,베이36B
b150_overload_r1,Proposed,30,BLK_30S,4,베이36B 론지용접,7,2025-12-03 19:02:45,2025-12-03 19:29:35,26.8,36B,베이36B
b150_overload_r1,Proposed,30,BLK_30S,4,베이36B 수정,8,2025-12-03 19:29:35,2025-12-03 20:21:04,51.5,36B,베이36B
b150_overload_r1,Proposed,23,BLK_23S,5,판계,1,2025-12-03 10:26:18,2025-12-03 11:23:30,57.2,,공통
b150_overload_r1,Proposed,23,BLK_23S,5,전면SAW,2,2025-12-03 14:53:59,2025-12-03 17:41:24,167.4,,공통
b150_overload_r1,Proposed,23,BLK_23S,5,TurnOver,3,2025-12-03 17:41:24,2025-12-03 17:54:36,13.2,,공통
b150_overload_r1,Proposed,23,BLK_23S,5,후면SAW,4,2025-12-03 17:54:36,2025-12-03 20:10:59,136.4,,공통
b150_overload_r1,Proposed,23,BLK_23S,5,NC,5,2025-12-03 20:10:59,2025-12-03 21:34:41,83.7,,공통
b150_overload_r1,Proposed,23,BLK_23S,5,베이36B 론지취부,6,2025-12-03 21:34:41,2025-12-03 23:33:29,118.8,36B,베이36B
b150_overload_r1,Proposed,23,BLK_23S,5,베이36B 론지용접,7,2025-12-03 23:33:29,2025-12-04 00:06:16,32.8,36B,베이36B
b150_overload_r1,Proposed,23,BLK_23S,5,베이36B 수정,8,2025-12-04 00:06:16,2025-12-04 01:19:31,73.3,36B,베이36B
b150_overload_r1,Proposed,3,BLK_3C,6,판계,1,2025-12-03 11:23:30,2025-12-03 11:45:30,22.0,,공통
b150_overload_r1,Proposed,3,BLK_3C,6,전면SAW,2,2025-12-03 17:41:24,2025-12-03 18:25:48,44.4,,공통
b150_overload_r1,Proposed,3,BLK_3C,6,TurnOver,3,2025-12-03 18:25:48,2025-12-03 18:39:00,13.2,,공통
b150_overload_r1,Proposed,3,BLK_3C,6,후면SAW,4,2025-12-03 20:10:59,2025-12-03 20:46:10,35.2,,공통
b150_overload_r1,Proposed,3,BLK_3C,6,NC,5,2025-12-03 21:34:41,2025-12-03 22:09:21,34.7,,공통
b150_overload_r1,Proposed,3,BLK_3C,6,베이35A 론지취부,6,2025-12-03 22:09:21,2025-12-03 23:33:30,84.2,35A,베이35A
b150_overload_r1,Proposed,3,BLK_3C,6,베이35A 론지용접,7,2025-12-03 23:33:30,2025-12-04 00:00:21,26.8,35A,베이35A
b150_overload_r1,Proposed,3,BLK_3C,6,베이35A 수정,8,2025-12-04 00:00:21,2025-12-04 00:51:50,51.5,35A,베이35A
b150_overload_r1,Proposed,14,BLK_14P,7,판계,1,2025-12-03 11:45:30,2025-12-03 12:16:18,30.8,,공통
b150_overload_r1,Proposed,14,BLK_14P,7,전면SAW,2,2025-12-03 18:25:48,2025-12-03 20:38:08,132.3,,공통
b150_overload_r1,Proposed,14,BLK_14P,7,TurnOver,3,2025-12-03 20:38:08,2025-12-03 20:51:20,13.2,,공통
b150_overload_r1,Proposed,14,BLK_14P,7,후면SAW,4,2025-12-03 20:51:20,2025-12-03 23:05:51,134.5,,공통
b150_overload_r1,Proposed,14,BLK_14P,7,NC,5,2025-12-03 23:05:51,2025-12-03 23:44:13,38.4,,공통
b150_overload_r1,Proposed,14,BLK_14P,7,베이36B 론지취부,6,2025-12-03 23:44:13,2025-12-04 00:41:25,57.2,36B,베이36B
b150_overload_r1,Proposed,14,BLK_14P,7,베이36B 론지용접,7,2025-12-04 00:41:25,2025-12-04 01:03:38,22.2,36B,베이36B
b150_overload_r1,Proposed,14,BLK_14P,7,베이36B 수정,8,2025-12-04 01:19:31,2025-12-04 01:54:04,34.5,36B,베이36B
b150_overload_r1,Proposed,7,BLK_7S,8,판계,1,2025-12-03 12:16:18,2025-12-03 12:49:18,33.0,,공통
b150_overload_r1,Proposed,7,BLK_7S,8,전면SAW,2,2025-12-03 20:38:08,2025-12-03 21:11:01,32.9,,공통
b150_overload_r1,Proposed,7,BLK_7S,8,TurnOver,3,2025-12-03 21:11:01,2025-12-03 21:24:13,13.2,,공통
b150_overload_r1,Proposed,7,BLK_7S,8,후면SAW,4,2025-12-03 23:05:51,2025-12-03 23:25:52,20.0,,공통
b150_overload_r1,Proposed,7,BLK_7S,8,NC,5,2025-12-03 23:44:13,2025-12-04 00:37:18,53.1,,공통
b150_overload_r1,Proposed,7,BLK_7S,8,베이36B 론지취부,6,2025-12-04 00:41:25,2025-12-04 02:36:22,115.0,36B,베이36B
b150_overload_r1,Proposed,7,BLK_7S,8,베이36B 론지용접,7,2025-12-04 02:36:22,2025-12-04 03:08:29,32.1,36B,베이36B
b150_overload_r1,Proposed,7,BLK_7S,8,베이36B 수정,8,2025-12-04 03:08:29,2025-12-04 04:19:20,70.8,36B,베이36B
b150_overload_r1,Proposed,19,BLK_19S,9,판계,1,2025-12-03 12:49:18,2025-12-03 13:20:06,30.8,,공통
b150_overload_r1,Proposed,19,BLK_19S,9,전면SAW,2,2025-12-03 21:11:01,2025-12-03 23:01:15,110.2,,공통
b150_overload_r1,Proposed,19,BLK_19S,9,TurnOver,3,2025-12-03 23:01:15,2025-12-03 23:14:27,13.2,,공통
b150_overload_r1,Proposed,19,BLK_19S,9,후면SAW,4,2025-12-03 23:25:52,2025-12-04 01:14:36,108.7,,공통
b150_overload_r1,Proposed,19,BLK_19S,9,NC,5,2025-12-04 01:14:36,2025-12-04 01:48:21,33.7,,공통
b150_overload_r1,Proposed,19,BLK_19S,9,베이35A 론지취부,6,2025-12-04 01:48:21,2025-12-04 02:14:45,26.4,35A,베이35A
b150_overload_r1,Proposed,19,BLK_19S,9,베이35A 론지용접,7,2025-12-04 02:14:45,2025-12-04 02:27:17,12.5,35A,베이35A
b150_overload_r1,Proposed,19,BLK_19S,9,베이35A 수정,8,2025-12-04 02:27:17,2025-12-04 02:42:28,15.2,35A,베이35A
b150_overload_r1,Proposed,26,BLK_26S,10,판계,1,2025-12-03 13:20:06,2025-12-03 13:53:06,33.0,,공통
b150_overload_r1,Proposed,26,BLK_26S,10,전면SAW,2,2025-12-03 23:01:15,2025-12-03 23:35:05,33.8,,공통
b150_overload_r1,Proposed,26,BLK_26S,10,TurnOver,3,2025-12-03 23:35:05,2025-12-03 23:48:17,13.2,,공통
b150_overload_r1,Proposed,26,BLK_26S,10,후면SAW,4,2025-12-04 01:14:36,2025-12-04 01:35:54,21.3,,공통
b150_overload_r1,Proposed,26,BLK_26S,10,NC,5,2025-12-04 01:48:21,2025-12-04 02:43:01,54.7,,공통
b150_overload_r1,Proposed,26,BLK_26S,10,베이36B 론지취부,6,2025-12-04 02:43:01,2025-12-04 04:34:07,111.1,36B,베이36B
b150_overload_r1,Proposed,26,BLK_26S,10,베이36B 론지용접,7,2025-12-04 04:34:07,2025-12-04 05:05:34,31.5,36B,베이36B
b150_overload_r1,Proposed,26,BLK_26S,10,베이36B 수정,8,2025-12-04 05:05:34,2025-12-04 06:14:00,68.4,36B,베이36B
b150_overload_r1,Proposed,78,BLK_78S,11,판계,1,2025-12-03 13:53:06,2025-12-03 14:26:06,33.0,,공통
b150_overload_r1,Proposed,78,BLK_78S,11,전면SAW,2,2025-12-03 23:35:05,2025-12-04 00:09:13,34.1,,공통
b150_overload_r1,Proposed,78,BLK_78S,11,TurnOver,3,2025-12-04 00:09:13,2025-12-04 00:22:25,13.2,,공통
b150_overload_r1,Proposed,78,BLK_78S,11,후면SAW,4,2025-12-04 01:35:54,2025-12-04 01:57:34,21.7,,공통
b150_overload_r1,Proposed,78,BLK_78S,11,NC,5,2025-12-04 02:43:01,2025-12-04 03:35:26,52.4,,공통
b150_overload_r1,Proposed,78,BLK_78S,11,베이36B 론지취부,6,2025-12-04 04:34:07,2025-12-04 06:02:07,88.0,36B,베이36B
b150_overload_r1,Proposed,78,BLK_78S,11,베이36B 론지용접,7,2025-12-04 06:02:07,2025-12-04 06:29:37,27.5,36B,베이36B
b150_overload_r1,Proposed,78,BLK_78S,11,베이36B 수정,8,2025-12-04 06:29:37,2025-12-04 07:23:31,53.9,36B,베이36B
b150_overload_r1,Proposed,60,BLK_60C,12,판계,1,2025-12-03 14:26:06,2025-12-03 15:10:06,44.0,,공통
b150_overload_r1,Proposed,60,BLK_60C,12,전면SAW,2,2025-12-04 00:09:13,2025-12-04 03:27:12,198.0,,공통
b150_overload_r1,Proposed,60,BLK_60C,12,TurnOver,3,2025-12-04 03:27:12,2025-12-04 03:40:24,13.2,,공통
b150_overload_r1,Proposed,60,BLK_60C,12,후면SAW,4,2025-12-04 03:40:24,2025-12-04 06:07:56,147.5,,공통
b150_overload_r1,Proposed,60,BLK_60C,12,NC,5,2025-12-04 06:07:56,2025-12-04 07:01:37,53.7,,공통
b150_overload_r1,Proposed,60,BLK_60C,12,베이35A 론지취부,6,2025-12-04 07:01:37,2025-12-04 08:37:19,95.7,35A,베이35A
b150_overload_r1,Proposed,60,BLK_60C,12,베이35A 론지용접,7,2025-12-04 08:37:19,2025-12-04 09:06:08,28.8,35A,베이35A
b150_overload_r1,Proposed,60,BLK_60C,12,베이35A 수정,8,2025-12-04 09:06:08,2025-12-04 10:04:52,58.7,35A,베이35A
b150_overload_r1,Proposed,22,BLK_22S,13,판계,1,2025-12-03 15:10:06,2025-12-03 15:39:48,29.7,,공통
b150_overload_r1,Proposed,22,BLK_22S,13,전면SAW,2,2025-12-04 03:27:12,2025-12-04 06:34:47,187.6,,공통
b150_overload_r1,Proposed,22,BLK_22S,13,TurnOver,3,2025-12-04 06:34:47,2025-12-04 06:47:59,13.2,,공통
b150_overload_r1,Proposed,22,BLK_22S,13,후면SAW,4,2025-12-04 06:47:59,2025-12-04 09:07:11,139.2,,공통
b150_overload_r1,Proposed,22,BLK_22S,13,NC,5,2025-12-04 09:07:11,2025-12-04 09:43:06,35.9,,공통
b150_overload_r1,Proposed,22,BLK_22S,13,베이36B 론지취부,6,2025-12-04 09:43:06,2025-12-04 10:24:54,41.8,36B,베이36B
b150_overload_r1,Proposed,22,BLK_22S,13,베이36B 론지용접,7,2025-12-04 10:24:54,2025-12-04 10:44:29,19.6,36B,베이36B
b150_overload_r1,Proposed,22,BLK_22S,13,베이36B 수정,8,2025-12-04 10:44:29,2025-12-04 11:09:21,24.9,36B,베이36B
b150_overload_r1,Proposed,70,BLK_70P,14,판계,1,2025-12-03 15:39:48,2025-12-03 16:12:48,33.0,,공통
b150_overload_r1,Proposed,70,BLK_70P,14,전면SAW,2,2025-12-04 06:34:47,2025-12-04 07:14:44,39.9,,공통
b150_overload_r1,Proposed,70,BLK_70P,14,TurnOver,3,2025-12-04 07:14:44,2025-12-04 07:27:56,13.2,,공통
b150_overload_r1,Proposed,70,BLK_70P,14,후면SAW,4,2025-12-04 09:07:11,2025-12-04 09:36:30,29.3,,공통
b150_overload_r1,Proposed,70,BLK_70P,14,NC,5,2025-12-04 09:43:06,2025-12-04 10:35:33,52.4,,공통
b150_overload_r1,Proposed,70,BLK_70P,14,베이35A 론지취부,6,2025-12-04 10:35:33,2025-12-04 12:30:30,115.0,35A,베이35A
b150_overload_r1,Proposed,70,BLK_70P,14,베이35A 론지용접,7,2025-12-04 12:30:30,2025-12-04 13:02:37,32.1,35A,베이35A
b150_overload_r1,Proposed,70,BLK_70P,14,베이35A 수정,8,2025-12-04 13:02:37,2025-12-04 14:13:27,70.8,35A,베이35A
b150_overload_r1,Proposed,80,BLK_80S,1,판계,1,2025-12-04 08:00:00,2025-12-04 08:41:48,41.8,,공통
b150_overload_r1,Proposed,80,BLK_80S,1,전면SAW,2,2025-12-04 08:41:48,2025-12-04 10:27:36,105.8,,공통
b150_overload_r1,Proposed,80,BLK_80S,1,TurnOver,3,2025-12-04 10:27:36,2025-12-04 10:40:48,13.2,,공통
b150_overload_r1,Proposed,80,BLK_80S,1,후면SAW,4,2025-12-04 10:40:48,2025-12-04 12:03:48,83.0,,공통
b150_overload_r1,Proposed,80,BLK_80S,1,NC,5,2025-12-04 12:03:48,2025-12-04 12:54:59,51.2,,공통
b150_overload_r1,Proposed,80,BLK_80S,1,베이36B 론지취부,6,2025-12-04 12:54:59,2025-12-04 14:34:32,99.6,36B,베이36B
b150_overload_r1,Proposed,80,BLK_80S,1,베이36B 론지용접,7,2025-12-04 14:34:32,2025-12-04 15:04:01,29.5,36B,베이36B
b150_overload_r1,Proposed,80,BLK_80S,1,베이36B 수정,8,2025-12-04 15:04:01,2025-12-04 16:05:10,61.2,36B,베이36B
b150_overload_r1,Proposed,54,BLK_54S,2,판계,1,2025-12-04 08:41:48,2025-12-04 09:09:18,27.5,,공통
b150_overload_r1,Proposed,54,BLK_54S,2,전면SAW,2,2025-12-04 10:27:36,2025-12-04 11:04:45,37.1,,공통
b150_overload_r1,Proposed,54,BLK_54S,2,TurnOver,3,2025-12-04 11:04:45,2025-12-04 11:17:57,13.2,,공통
b150_overload_r1,Proposed,54,BLK_54S,2,후면SAW,4,2025-12-04 12:03:48,2025-12-04 12:29:28,25.7,,공통
b150_overload_r1,Proposed,54,BLK_54S,2,NC,5,2025-12-04 12:54:59,2025-12-04 13:35:53,40.9,,공통
b150_overload_r1,Proposed,54,BLK_54S,2,베이35A 론지취부,6,2025-12-04 13:35:53,2025-12-04 14:44:38,68.8,35A,베이35A
b150_overload_r1,Proposed,54,BLK_54S,2,베이35A 론지용접,7,2025-12-04 14:44:38,2025-12-04 15:08:50,24.2,35A,베이35A
b150_overload_r1,Proposed,54,BLK_54S,2,베이35A 수정,8,2025-12-04 15:08:50,2025-12-04 15:50:38,41.8,35A,베이35A
b150_overload_r1,Proposed,100,BLK_100P,3,판계,1,2025-12-04 09:09:18,2025-12-04 09:42:18,33.0,,공통
b150_overload_r1,Proposed,100,BLK_100P,3,전면SAW,2,2025-12-04 11:04:45,2025-12-04 11:37:36,32.9,,공통
b150_overload_r1,Proposed,100,BLK_100P,3,TurnOver,3,2025-12-04 11:37:36,2025-12-04 11:50:48,13.2,,공통
b150_overload_r1,Proposed,100,BLK_100P,3,후면SAW,4,2025-12-04 12:29:28,2025-12-04 12:49:27,20.0,,공통
b150_overload_r1,Proposed,100,BLK_100P,3,NC,5,2025-12-04 13:35:53,2025-12-04 14:26:29,50.6,,공통
b150_overload_r1,Proposed,100,BLK_100P,3,베이36B 론지취부,6,2025-12-04 14:34:32,2025-12-04 15:47:08,72.6,36B,베이36B
b150_overload_r1,Proposed,100,BLK_100P,3,베이36B 론지용접,7,2025-12-04 15:47:08,2025-12-04 16:11:59,24.9,36B,베이36B
b150_overload_r1,Proposed,100,BLK_100P,3,베이36B 수정,8,2025-12-04 16:11:59,2025-12-04 16:56:13,44.2,36B,베이36B
b150_overload_r1,Proposed,34,BLK_34C,4,판계,1,2025-12-04 09:42:18,2025-12-04 10:24:06,41.8,,공통
b150_overload_r1,Proposed,34,BLK_34C,4,전면SAW,2,2025-12-04 11:37:36,2025-12-04 13:06:13,88.6,,공통
b150_overload_r1,Proposed,34,BLK_34C,4,TurnOver,3,2025-12-04 13:06:13,2025-12-04 13:19:25,13.2,,공통
b150_overload_r1,Proposed,34,BLK_34C,4,후면SAW,4,2025-12-04 13:19:25,2025-12-04 14:26:44,67.3,,공통
b150_overload_r1,Proposed,34,BLK_34C,4,NC,5,2025-12-04 14:26:44,2025-12-04 15:15:54,49.2,,공통
b150_overload_r1,Proposed,34,BLK_34C,4,베이35A 론지취부,6,2025-12-04 15:15:54,2025-12-04 16:20:48,64.9,35A,베이35A
b150_overload_r1,Proposed,34,BLK_34C,4,베이35A 론지용접,7,2025-12-04 16:20:48,2025-12-04 16:44:20,23.5,35A,베이35A
b150_overload_r1,Proposed,34,BLK_34C,4,베이35A 수정,8,2025-12-04 16:44:20,2025-12-04 17:23:43,39.4,35A,베이35A
b150_overload_r1,Proposed,108,BLK_108P,5,판계,1,2025-12-04 10:24:06,2025-12-04 10:57:06,33.0,,공통
b150_overload_r1,Proposed,108,BLK_108P,5,전면SAW,2,2025-12-04 13:06:13,2025-12-04 13:47:58,41.8,,공통
b150_overload_r1,Proposed,108,BLK_108P,5,TurnOver,3,2025-12-04 13:47:58,2025-12-04 14:01:10,13.2,,공통
b150_overload_r1,Proposed,108,BLK_108P,5,후면SAW,4,2025-12-04 14:26:44,2025-12-04 14:58:26,31.7,,공통
b150_overload_r1,Proposed,108,BLK_108P,5,NC,5,2025-12-04 15:15:54,2025-12-04 16:00:08,44.2,,공통
b150_overload_r1,Proposed,108,BLK_108P,5,베이36B 론지취부,6,2025-12-04 16:00:08,2025-12-04 17:08:53,68.8,36B,베이36B
b150_overload_r1,Proposed,108,BLK_108P,5,베이36B 론지용접,7,2025-12-04 17:08:53,2025-12-04 17:33:05,24.2,36B,베이36B
b150_overload_r1,Proposed,108,BLK_108P,5,베이36B 수정,8,2025-12-04 17:33:05,2025-12-04 18:14:53,41.8,36B,베이36B
b150_overload_r1,Proposed,39,BLK_39S,6,판계,1,2025-12-04 10:57:06,2025-12-04 11:33:24,36.3,,공통
b150_overload_r1,Proposed,39,BLK_39S,6,전면SAW,2,2025-12-04 13:47:58,2025-12-04 15:54:36,126.6,,공통
b150_overload_r1,Proposed,39,BLK_39S,6,TurnOver,3,2025-12-04 15:54:36,2025-12-04 16:07:48,13.2,,공통
b150_overload_r1,Proposed,39,BLK_39S,6,후면SAW,4,2025-12-04 16:07:48,2025-12-04 17:49:47,102.0,,공통
b150_overload_r1,Proposed,39,BLK_39S,6,NC,5,2025-12-04 17:49:47,2025-12-04 18:38:26,48.6,,공통
b150_overload_r1,Proposed,39,BLK_39S,6,베이35A 론지취부,6,2025-12-04 18:38:26,2025-12-04 20:17:59,99.6,35A,베이35A
b150_overload_r1,Proposed,39,BLK_39S,6,베이35A 론지용접,7,2025-12-04 20:17:59,2025-12-04 20:47:28,29.5,35A,베이35A
b150_overload_r1,Proposed,39,BLK_39S,6,베이35A 수정,8,2025-12-04 20:47:28,2025-12-04 21:48:37,61.2,35A,베이35A
b150_overload_r1,Proposed,11,BLK_11P,7,판계,1,2025-12-04 11:33:24,2025-12-04 12:06:24,33.0,,공통
b150_overload_r1,Proposed,11,BLK_11P,7,전면SAW,2,2025-12-04 15:54:36,2025-12-04 16:29:53,35.3,,공통
b150_overload_r1,Proposed,11,BLK_11P,7,TurnOver,3,2025-12-04 16:29:53,2025-12-04 16:43:05,13.2,,공통
b150_overload_r1,Proposed,11,BLK_11P,7,후면SAW,4,2025-12-04 17:49:47,2025-12-04 18:12:59,23.2,,공통
b150_overload_r1,Proposed,11,BLK_11P,7,NC,5,2025-12-04 18:38:26,2025-12-04 19:23:32,45.1,,공통
b150_overload_r1,Proposed,11,BLK_11P,7,베이36B 론지취부,6,2025-12-04 19:23:32,2025-12-04 20:28:26,64.9,36B,베이36B
b150_overload_r1,Proposed,11,BLK_11P,7,베이36B 론지용접,7,2025-12-04 20:28:26,2025-12-04 20:51:58,23.5,36B,베이36B
b150_overload_r1,Proposed,11,BLK_11P,7,베이36B 수정,8,2025-12-04 20:51:58,2025-12-04 21:31:21,39.4,36B,베이36B
b150_overload_r1,Proposed,33,BLK_33S,8,판계,1,2025-12-04 12:06:24,2025-12-04 12:44:54,38.5,,공통
b150_overload_r1,Proposed,33,BLK_33S,8,전면SAW,2,2025-12-04 16:29:53,2025-12-04 18:40:59,131.1,,공통
b150_overload_r1,Proposed,33,BLK_33S,8,TurnOver,3,2025-12-04 18:40:59,2025-12-04 18:54:11,13.2,,공통
b150_overload_r1,Proposed,33,BLK_33S,8,후면SAW,4,2025-12-04 18:54:11,2025-12-04 20:28:11,94.0,,공통
b150_overload_r1,Proposed,33,BLK_33S,8,NC,5,2025-12-04 20:28:11,2025-12-04 21:08:25,40.2,,공통
b150_overload_r1,Proposed,33,BLK_33S,8,베이35A 론지취부,6,2025-12-04 21:08:25,2025-12-04 21:38:40,30.3,35A,베이35A
b150_overload_r1,Proposed,33,BLK_33S,8,베이35A 론지용접,7,2025-12-04 21:38:40,2025-12-04 21:56:16,17.6,35A,베이35A
b150_overload_r1,Proposed,33,BLK_33S,8,베이35A 수정,8,2025-12-04 21:56:16,2025-12-04 22:13:52,17.6,35A,베이35A
b150_overload_r1,Proposed,146,BLK_11S,9,판계,1,2025-12-04 12:44:54,2025-12-04 13:17:54,33.0,,공통
b150_overload_r1,Proposed,146,BLK_11S,9,전면SAW,2,2025-12-04 18:40:59,2025-12-04 19:16:16,35.3,,공통
b150_overload_r1,Proposed,146,BLK_11S,9,TurnOver,3,2025-12-04 19:16:16,2025-12-04 19:29:28,13.2,,공통
b150_overload_r1,Proposed,146,BLK_11S,9,후면SAW,4,2025-12-04 20:28:11,2025-12-04 20:51:22,23.2,,공통
b150_overload_r1,Proposed,146,BLK_11S,9,NC,5,2025-12-04 21:08:25,2025-12-04 21:53:31,45.1,,공통
b150_overload_r1,Proposed,146,BLK_11S,9,베이36B 론지취부,6,2025-12-04 21:53:31,2025-12-04 22:58:25,64.9,36B,베이36B
b150_overload_r1,Proposed,146,BLK_11S,9,베이36B 론지용접,7,2025-12-04 22:58:25,2025-12-04 23:21:57,23.5,36B,베이36B
b150_overload_r1,Proposed,146,BLK_11S,9,베이36B 수정,8,2025-12-04 23:21:57,2025-12-05 00:01:20,39.4,36B,베이36B
b150_overload_r1,Proposed,25,BLK_25S,10,판계,1,2025-12-04 13:17:54,2025-12-04 13:50:54,33.0,,공통
b150_overload_r1,Proposed,25,BLK_25S,10,전면SAW,2,2025-12-04 19:16:16,2025-12-04 21:14:11,117.9,,공통
b150_overload_r1,Proposed,25,BLK_25S,10,TurnOver,3,2025-12-04 21:14:11,2025-12-04 21:27:23,13.2,,공통
b150_overload_r1,Proposed,25,BLK_25S,10,후면SAW,4,2025-12-04 21:27:23,2025-12-04 23:01:25,94.0,,공통
b150_overload_r1,Proposed,25,BLK_25S,10,NC,5,2025-12-04 23:01:25,2025-12-04 23:58:31,57.1,,공통
b150_overload_r1,Proposed,25,BLK_25S,10,베이35A 론지취부,6,2025-12-04 23:58:31,2025-12-05 00:59:34,61.1,35A,베이35A
b150_overload_r1,Proposed,25,BLK_25S,10,베이35A 론지용접,7,2025-12-05 00:59:34,2025-12-05 01:22:27,22.9,35A,베이35A
b150_overload_r1,Proposed,25,BLK_25S,10,베이35A 수정,8,2025-12-05 01:22:27,2025-12-05 01:59:25,37.0,35A,베이35A
b150_overload_r1,Proposed,138,BLK_138P,11,판계,1,2025-12-04 13:50:54,2025-12-04 14:12:54,22.0,,공통
b150_overload_r1,Proposed,138,BLK_138P,11,전면SAW,2,2025-12-04 21:14:11,2025-12-04 21:54:52,40.7,,공통
b150_overload_r1,Proposed,138,BLK_138P,11,TurnOver,3,2025-12-04 21:54:52,2025-12-04 22:08:04,13.2,,공통
b150_overload_r1,Proposed,138,BLK_138P,11,후면SAW,4,2025-12-04 23:01:25,2025-12-04 23:31:43,30.3,,공통
b150_overload_r1,Proposed,138,BLK_138P,11,NC,5,2025-12-04 23:58:31,2025-12-05 00:29:26,30.9,,공통
b150_overload_r1,Proposed,138,BLK_138P,11,베이36B 론지취부,6,2025-12-05 00:29:26,2025-12-05 01:34:20,64.9,36B,베이36B
b150_overload_r1,Proposed,138,BLK_138P,11,베이36B 론지용접,7,2025-12-05 01:34:20,2025-12-05 01:57:52,23.5,36B,베이36B
b150_overload_r1,Proposed,138,BLK_138P,11,베이36B 수정,8,2025-12-05 01:57:52,2025-12-05 02:37:15,39.4,36B,베이36B
b150_overload_r1,Proposed,27,BLK_27S,12,판계,1,2025-12-04 14:12:54,2025-12-04 14:34:54,22.0,,공통
b150_overload_r1,Proposed,27,BLK_27S,12,전면SAW,2,2025-12-04 21:54:52,2025-12-04 23:33:22,98.5,,공통
b150_overload_r1,Proposed,27,BLK_27S,12,TurnOver,3,2025-12-04 23:33:22,2025-12-04 23:46:34,13.2,,공통
b150_overload_r1,Proposed,27,BLK_27S,12,후면SAW,4,2025-12-04 23:46:34,2025-12-05 01:02:56,76.4,,공통
b150_overload_r1,Proposed,27,BLK_27S,12,NC,5,2025-12-05 01:02:56,2025-12-05 01:31:57,29.0,,공통
b150_overload_r1,Proposed,27,BLK_27S,12,베이35A 론지취부,6,2025-12-05 01:31:57,2025-12-05 02:33:00,61.1,35A,베이35A
b150_overload_r1,Proposed,27,BLK_27S,12,베이35A 론지용접,7,2025-12-05 02:33:00,2025-12-05 02:55:52,22.9,35A,베이35A
b150_overload_r1,Proposed,27,BLK_27S,12,베이35A 수정,8,2025-12-05 02:55:52,2025-12-05 03:32:50,37.0,35A,베이35A
b150_overload_r1,Proposed,29,BLK_29S,13,판계,1,2025-12-04 14:34:54,2025-12-04 15:02:24,27.5,,공통
b150_overload_r1,Proposed,29,BLK_29S,13,전면SAW,2,2025-12-04 23:33:22,2025-12-05 00:04:41,31.3,,공통
b150_overload_r1,Proposed,29,BLK_29S,13,TurnOver,3,2025-12-05 00:04:41,2025-12-05 00:17:53,13.2,,공통
b150_overload_r1,Proposed,29,BLK_29S,13,후면SAW,4,2025-12-05 01:02:56,2025-12-05 01:20:53,18.0,,공통
b150_overload_r1,Proposed,29,BLK_29S,13,NC,5,2025-12-05 01:31:57,2025-12-05 02:08:09,36.2,,공통
b150_overload_r1,Proposed,29,BLK_29S,13,베이36B 론지취부,6,2025-12-05 02:08:09,2025-12-05 03:16:54,68.8,36B,베이36B
b150_overload_r1,Proposed,29,BLK_29S,13,베이36B 론지용접,7,2025-12-05 03:16:54,2025-12-05 03:41:06,24.2,36B,베이36B
b150_overload_r1,Proposed,29,BLK_29S,13,베이36B 수정,8,2025-12-05 03:41:06,2025-12-05 04:22:54,41.8,36B,베이36B
b150_overload_r1,Proposed,15,BLK_15C,14,판계,1,2025-12-04 15:02:24,2025-12-04 15:15:36,13.2,,공통
b150_overload_r1,Proposed,15,BLK_15C,14,전면SAW,2,2025-12-05 00:04:41,2025-12-05 00:52:54,48.2,,공통
b150_overload_r1,Proposed,15,BLK_15C,14,TurnOver,3,2025-12-05 00:52:54,2025-12-05 01:06:06,13.2,,공통
b150_overload_r1,Proposed,15,BLK_15C,14,후면SAW,4,2025-12-05 01:20:53,2025-12-05 02:01:05,40.2,,공통
b150_overload_r1,Proposed,15,BLK_15C,14,NC,5,2025-12-05 02:08:09,2025-12-05 02:31:13,23.1,,공통
b150_overload_r1,Proposed,15,BLK_15C,14,베이35A 론지취부,6,2025-12-05 02:33:00,2025-12-05 03:22:30,49.5,35A,베이35A
b150_overload_r1,Proposed,15,BLK_15C,14,베이35A 론지용접,7,2025-12-05 03:22:30,2025-12-05 03:39:00,16.5,35A,베이35A
b150_overload_r1,Proposed,15,BLK_15C,14,베이35A 수정,8,2025-12-05 03:39:00,2025-12-05 04:08:42,29.7,35A,베이35A
b150_overload_r1,Proposed,143,BLK_17S,15,판계,1,2025-12-04 15:15:36,2025-12-04 15:28:48,13.2,,공통
b150_overload_r1,Proposed,143,BLK_17S,15,전면SAW,2,2025-12-05 00:52:54,2025-12-05 01:39:52,47.0,,공통
b150_overload_r1,Proposed,143,BLK_17S,15,TurnOver,3,2025-12-05 01:39:52,2025-12-05 01:53:04,13.2,,공통
b150_overload_r1,Proposed,143,BLK_17S,15,후면SAW,4,2025-12-05 02:01:05,2025-12-05 02:39:40,38.6,,공통
b150_overload_r1,Proposed,143,BLK_17S,15,NC,5,2025-12-05 02:39:40,2025-12-05 03:02:42,23.0,,공통
b150_overload_r1,Proposed,143,BLK_17S,15,베이36B 론지취부,6,2025-12-05 03:16:54,2025-12-05 04:02:33,45.7,36B,베이36B
b150_overload_r1,Proposed,143,BLK_17S,15,베이36B 론지용접,7,2025-12-05 04:02:33,2025-12-05 04:18:24,15.8,36B,베이36B
b150_overload_r1,Proposed,143,BLK_17S,15,베이36B 수정,8,2025-12-05 04:22:54,2025-12-05 04:50:11,27.3,36B,베이36B
b150_overload_r1,Proposed,110,BLK_110C,16,판계,1,2025-12-04 15:28:48,2025-12-04 16:01:48,33.0,,공통
b150_overload_r1,Proposed,110,BLK_110C,16,전면SAW,2,2025-12-05 01:39:52,2025-12-05 02:12:35,32.7,,공통
b150_overload_r1,Proposed,110,BLK_110C,16,TurnOver,3,2025-12-05 02:12:35,2025-12-05 02:25:47,13.2,,공통
b150_overload_r1,Proposed,110,BLK_110C,16,후면SAW,4,2025-12-05 02:39:40,2025-12-05 02:59:28,19.8,,공통
b150_overload_r1,Proposed,110,BLK_110C,16,NC,5,2025-12-05 03:02:42,2025-12-05 03:44:44,42.0,,공통
b150_overload_r1,Proposed,110,BLK_110C,16,베이35A 론지취부,6,2025-12-05 03:44:44,2025-12-05 04:26:32,41.8,35A,베이35A
b150_overload_r1,Proposed,110,BLK_110C,16,베이35A 론지용접,7,2025-12-05 04:26:32,2025-12-05 04:46:07,19.6,35A,베이35A
b150_overload_r1,Proposed,110,BLK_110C,16,베이35A 수정,8,2025-12-05 04:46:07,2025-12-05 05:10:59,24.9,35A,베이35A
b150_overload_r1,Proposed,120,BLK_120P,17,판계,1,2025-12-04 16:01:48,2025-12-04 16:40:18,38.5,,공통
b150_overload_r1,Proposed,120,BLK_120P,17,전면SAW,2,2025-12-05 02:12:35,2025-12-05 04:28:59,136.4,,공통
b150_overload_r1,Proposed,120,BLK_120P,17,TurnOver,3,2025-12-05 04:28:59,2025-12-05 04:42:11,13.2,,공통
b150_overload_r1,Proposed,120,BLK_120P,17,후면SAW,4,2025-12-05 04:42:11,2025-12-05 06:20:26,98.3,,공통
b150_overload_r1,Proposed,120,BLK_120P,17,NC,5,2025-12-05 06:20:26,2025-12-05 07:00:01,39.6,,공통
b150_overload_r1,Proposed,120,BLK_120P,17,베이36B 론지취부,6,2025-12-05 07:00:01,2025-12-05 07:37:58,38.0,36B,베이36B
b150_overload_r1,Proposed,120,BLK_120P,17,베이36B 론지용접,7,2025-12-05 07:37:58,2025-12-05 07:52:29,14.5,36B,베이36B
b150_overload_r1,Proposed,120,BLK_120P,17,베이36B 수정,8,2025-12-05 07:52:29,2025-12-05 08:14:56,22.4,36B,베이36B
b150_overload_r1,Proposed,35,BLK_35S,18,판계,1,2025-12-04 16:40:18,2025-12-04 17:07:48,27.5,,공통
b150_overload_r1,Proposed,35,BLK_35S,18,전면SAW,2,2025-12-05 04:28:59,2025-12-05 05:03:58,35.0,,공통
b150_overload_r1,Proposed,35,BLK_35S,18,TurnOver,3,2025-12-05 05:03:58,2025-12-05 05:17:10,13.2,,공통
b150_overload_r1,Proposed,35,BLK_35S,18,후면SAW,4,2025-12-05 06:20:26,2025-12-05 06:43:14,22.8,,공통
b150_overload_r1,Proposed,35,BLK_35S,18,NC,5,2025-12-05 07:00:01,2025-12-05 07:38:27,38.4,,공통
b150_overload_r1,Proposed,35,BLK_35S,18,베이35A 론지취부,6,2025-12-05 07:38:27,2025-12-05 08:20:15,41.8,35A,베이35A
b150_overload_r1,Proposed,35,BLK_35S,18,베이35A 론지용접,7,2025-12-05 08:20:15,2025-12-05 08:39:49,19.6,35A,베이35A
b150_overload_r1,Proposed,35,BLK_35S,18,베이35A 수정,8,2025-12-05 08:39:49,2025-12-05 09:04:41,24.9,35A,베이35A
b150_overload_r1,Proposed,38,BLK_38S,19,판계,1,2025-12-04 17:07:48,2025-12-04 17:49:36,41.8,,공통
b150_overload_r1,Proposed,38,BLK_38S,19,전면SAW,2,2025-12-05 05:03:58,2025-12-05 06:46:43,102.8,,공통
b150_overload_r1,Proposed,38,BLK_38S,19,TurnOver,3,2025-12-05 06:46:43,2025-12-05 06:59:55,13.2,,공통
b150_overload_r1,Proposed,38,BLK_38S,19,후면SAW,4,2025-12-05 06:59:55,2025-12-05 08:39:55,100.0,,공통
b150_overload_r1,Proposed,38,BLK_38S,19,NC,5,2025-12-05 08:39:55,2025-12-05 09:30:11,50.3,,공통
b150_overload_r1,Proposed,38,BLK_38S,19,베이36B 론지취부,6,2025-12-05 09:30:11,2025-12-05 10:46:38,76.5,36B,베이36B
b150_overload_r1,Proposed,38,BLK_38S,19,베이36B 론지용접,7,2025-12-05 10:46:38,2025-12-05 11:12:10,25.5,36B,베이36B
b150_overload_r1,Proposed,38,BLK_38S,19,베이36B 수정,8,2025-12-05 11:12:10,2025-12-05 11:58:48,46.6,36B,베이36B
b150_overload_r1,Proposed,140,BLK_140S,20,판계,1,2025-12-04 17:49:36,2025-12-04 18:22:36,33.0,,공통
b150_overload_r1,Proposed,140,BLK_140S,20,전면SAW,2,2025-12-05 06:46:43,2025-12-05 07:24:30,37.8,,공통
b150_overload_r1,Proposed,140,BLK_140S,20,TurnOver,3,2025-12-05 07:24:30,2025-12-05 07:37:42,13.2,,공통
b150_overload_r1,Proposed,140,BLK_140S,20,후면SAW,4,2025-12-05 08:39:55,2025-12-05 09:06:25,26.5,,공통
b150_overload_r1,Proposed,140,BLK_140S,20,NC,5,2025-12-05 09:30:11,2025-12-05 10:14:46,44.6,,공통
b150_overload_r1,Proposed,140,BLK_140S,20,베이35A 론지취부,6,2025-12-05 10:14:46,2025-12-05 11:42:46,88.0,35A,베이35A
b150_overload_r1,Proposed,140,BLK_140S,20,베이35A 론지용접,7,2025-12-05 11:42:46,2025-12-05 12:10:16,27.5,35A,베이35A
b150_overload_r1,Proposed,140,BLK_140S,20,베이35A 수정,8,2025-12-05 12:10:16,2025-12-05 13:04:10,53.9,35A,베이35A
b150_overload_r1,Proposed,42,BLK_42S,1,판계,1,2025-12-05 08:00:00,2025-12-05 08:36:18,36.3,,공통
b150_overload_r1,Proposed,42,BLK_42S,1,전면SAW,2,2025-12-05 08:36:18,2025-12-05 10:02:37,86.3,,공통
b150_overload_r1,Proposed,42,BLK_42S,1,TurnOver,3,2025-12-05 10:02:37,2025-12-05 10:15:49,13.2,,공통
b150_overload_r1,Proposed,42,BLK_42S,1,후면SAW,4,2025-12-05 10:15:49,2025-12-05 11:21:04,65.2,,공통
b150_overload_r1,Proposed,42,BLK_42S,1,NC,5,2025-12-05 11:21:04,2025-12-05 12:02:51,41.8,,공통
b150_overload_r1,Proposed,42,BLK_42S,1,베이36B 론지취부,6,2025-12-05 12:02:51,2025-12-05 12:44:39,41.8,36B,베이36B
b150_overload_r1,Proposed,42,BLK_42S,1,베이36B 론지용접,7,2025-12-05 12:44:39,2025-12-05 13:04:14,19.6,36B,베이36B
b150_overload_r1,Proposed,42,BLK_42S,1,베이36B 수정,8,2025-12-05 13:04:14,2025-12-05 13:29:05,24.9,36B,베이36B
b150_overload_r1,Proposed,43,BLK_43S,2,판계,1,2025-12-05 08:36:18,2025-12-05 09:09:18,33.0,,공통
b150_overload_r1,Proposed,43,BLK_43S,2,전면SAW,2,2025-12-05 10:02:37,2025-12-05 10:41:53,39.3,,공통
b150_overload_r1,Proposed,43,BLK_43S,2,TurnOver,3,2025-12-05 10:41:53,2025-12-05 10:55:05,13.2,,공통
b150_overload_r1,Proposed,43,BLK_43S,2,후면SAW,4,2025-12-05 11:21:04,2025-12-05 11:49:30,28.4,,공통
b150_overload_r1,Proposed,43,BLK_43S,2,NC,5,2025-12-05 12:02:51,2025-12-05 12:52:25,49.6,,공통
b150_overload_r1,Proposed,43,BLK_43S,2,베이35A 론지취부,6,2025-12-05 12:52:25,2025-12-05 14:12:43,80.3,35A,베이35A
b150_overload_r1,Proposed,43,BLK_43S,2,베이35A 론지용접,7,2025-12-05 14:12:43,2025-12-05 14:38:54,26.2,35A,베이35A
b150_overload_r1,Proposed,43,BLK_43S,2,베이35A 수정,8,2025-12-05 14:38:54,2025-12-05 15:27:57,49.1,35A,베이35A
b150_overload_r1,Proposed,51,BLK_51P,3,판계,1,2025-12-05 09:09:18,2025-12-05 09:45:36,36.3,,공통
b150_overload_r1,Proposed,51,BLK_51P,3,전면SAW,2,2025-12-05 10:41:53,2025-12-05 12:53:18,131.4,,공통
b150_overload_r1,Proposed,51,BLK_51P,3,TurnOver,3,2025-12-05 12:53:18,2025-12-05 13:06:30,13.2,,공통
b150_overload_r1,Proposed,51,BLK_51P,3,후면SAW,4,2025-12-05 13:06:30,2025-12-05 14:52:52,106.4,,공통
b150_overload_r1,Proposed,51,BLK_51P,3,NC,5,2025-12-05 14:52:52,2025-12-05 15:37:29,44.6,,공통
b150_overload_r1,Proposed,51,BLK_51P,3,베이36B 론지취부,6,2025-12-05 15:37:29,2025-12-05 16:42:23,64.9,36B,베이36B
b150_overload_r1,Proposed,51,BLK_51P,3,베이36B 론지용접,7,2025-12-05 16:42:23,2025-12-05 17:05:55,23.5,36B,베이36B
b150_overload_r1,Proposed,51,BLK_51P,3,베이36B 수정,8,2025-12-05 17:05:55,2025-12-05 17:45:18,39.4,36B,베이36B
b150_overload_r1,Proposed,90,BLK_90S,4,판계,1,2025-12-05 09:45:36,2025-12-05 10:13:06,27.5,,공통
b150_overload_r1,Proposed,90,BLK_90S,4,전면SAW,2,2025-12-05 12:53:18,2025-12-05 13:27:07,33.8,,공통
b150_overload_r1,Proposed,90,BLK_90S,4,TurnOver,3,2025-12-05 13:27:07,2025-12-05 13:40:19,13.2,,공통
b150_overload_r1,Proposed,90,BLK_90S,4,후면SAW,4,2025-12-05 14:52:52,2025-12-05 15:14:07,21.3,,공통
b150_overload_r1,Proposed,90,BLK_90S,4,NC,5,2025-12-05 15:37:29,2025-12-05 16:15:38,38.2,,공통
b150_overload_r1,Proposed,90,BLK_90S,4,베이35A 론지취부,6,2025-12-05 16:15:38,2025-12-05 17:12:50,57.2,35A,베이35A
b150_overload_r1,Proposed,90,BLK_90S,4,베이35A 론지용접,7,2025-12-05 17:12:50,2025-12-05 17:35:04,22.2,35A,베이35A
b150_overload_r1,Proposed,90,BLK_90S,4,베이35A 수정,8,2025-12-05 17:35:04,2025-12-05 18:09:36,34.5,35A,베이35A
b150_overload_r1,Proposed,130,BLK_130P,5,판계,1,2025-12-05 10:13:06,2025-12-05 10:57:06,44.0,,공통
b150_overload_r1,Proposed,130,BLK_130P,5,전면SAW,2,2025-12-05 13:27:07,2025-12-05 15:47:13,140.1,,공통
b150_overload_r1,Proposed,130,BLK_130P,5,TurnOver,3,2025-12-05 15:47:13,2025-12-05 16:00:25,13.2,,공통
b150_overload_r1,Proposed,130,BLK_130P,5,후면SAW,4,2025-12-05 16:00:25,2025-12-05 17:41:38,101.2,,공통
b150_overload_r1,Proposed,130,BLK_130P,5,NC,5,2025-12-05 17:41:38,2025-12-05 18:30:12,48.6,,공통
b150_overload_r1,Proposed,130,BLK_130P,5,베이36B 론지취부,6,2025-12-05 18:30:12,2025-12-05 19:15:51,45.7,36B,베이36B
b150_overload_r1,Proposed,130,BLK_130P,5,베이36B 론지용접,7,2025-12-05 19:15:51,2025-12-05 19:36:05,20.2,36B,베이36B
b150_overload_r1,Proposed,130,BLK_130P,5,베이36B 수정,8,2025-12-05 19:36:05,2025-12-05 20:03:22,27.3,36B,베이36B
b150_overload_r1,Proposed,31,BLK_31C,6,판계,1,2025-12-05 10:57:06,2025-12-05 11:30:06,33.0,,공통
b150_overload_r1,Proposed,31,BLK_31C,6,전면SAW,2,2025-12-05 15:47:13,2025-12-05 16:20:47,33.6,,공통
b150_overload_r1,Proposed,31,BLK_31C,6,TurnOver,3,2025-12-05 16:20:47,2025-12-05 16:33:59,13.2,,공통
b150_overload_r1,Proposed,31,BLK_31C,6,후면SAW,4,2025-12-05 17:41:38,2025-12-05 18:02:33,20.9,,공통
b150_overload_r1,Proposed,31,BLK_31C,6,NC,5,2025-12-05 18:30:12,2025-12-05 19:25:00,54.8,,공통
b150_overload_r1,Proposed,31,BLK_31C,6,베이36B 론지취부,6,2025-12-05 19:25:00,2025-12-05 20:45:18,80.3,36B,베이36B
b150_overload_r1,Proposed,31,BLK_31C,6,베이36B 론지용접,7,2025-12-05 20:45:18,2025-12-05 21:11:28,26.2,36B,베이36B
b150_overload_r1,Proposed,31,BLK_31C,6,베이36B 수정,8,2025-12-05 21:11:28,2025-12-05 22:00:32,49.1,36B,베이36B
b150_overload_r1,Proposed,47,BLK_47C,7,판계,1,2025-12-05 11:30:06,2025-12-05 11:57:36,27.5,,공통
b150_overload_r1,Proposed,47,BLK_47C,7,전면SAW,2,2025-12-05 16:20:47,2025-12-05 17:06:43,45.9,,공통
b150_overload_r1,Proposed,47,BLK_47C,7,TurnOver,3,2025-12-05 17:06:43,2025-12-05 17:19:55,13.2,,공통
b150_overload_r1,Proposed,47,BLK_47C,7,후면SAW,4,2025-12-05 18:02:33,2025-12-05 18:39:46,37.2,,공통
b150_overload_r1,Proposed,47,BLK_47C,7,NC,5,2025-12-05 19:25:00,2025-12-05 20:01:14,36.2,,공통
b150_overload_r1,Proposed,47,BLK_47C,7,베이35A 론지취부,6,2025-12-05 20:01:14,2025-12-05 20:54:35,53.4,35A,베이35A
b150_overload_r1,Proposed,47,BLK_47C,7,베이35A 론지용접,7,2025-12-05 20:54:35,2025-12-05 21:16:08,21.6,35A,베이35A
b150_overload_r1,Proposed,47,BLK_47C,7,베이35A 수정,8,2025-12-05 21:16:08,2025-12-05 21:48:16,32.1,35A,베이35A
b150_overload_r1,Proposed,102,BLK_102P,8,판계,1,2025-12-05 11:57:36,2025-12-05 12:36:06,38.5,,공통
b150_overload_r1,Proposed,102,BLK_102P,8,전면SAW,2,2025-12-05 17:06:43,2025-12-05 19:53:01,166.3,,공통
b150_overload_r1,Proposed,102,BLK_102P,8,TurnOver,3,2025-12-05 19:53:01,2025-12-05 20:06:13,13.2,,공통
b150_overload_r1,Proposed,102,BLK_102P,8,후면SAW,4,2025-12-05 20:06:13,2025-12-05 22:21:35,135.4,,공통
b150_overload_r1,Proposed,102,BLK_102P,8,NC,5,2025-12-05 22:21:35,2025-12-05 23:09:57,48.4,,공통
b150_overload_r1,Proposed,102,BLK_102P,8,베이36B 론지취부,6,2025-12-05 23:09:57,2025-12-06 00:03:18,53.4,36B,베이36B
b150_overload_r1,Proposed,102,BLK_102P,8,베이36B 론지용접,7,2025-12-06 00:03:18,2025-12-06 00:24:52,21.6,36B,베이36B
b150_overload_r1,Proposed,102,BLK_102P,8,베이36B 수정,8,2025-12-06 00:24:52,2025-12-06 00:56:59,32.1,36B,베이36B
b150_overload_r1,Proposed,37,BLK_37C,9,판계,1,2025-12-05 12:36:06,2025-12-05 13:09:06,33.0,,공통
b150_overload_r1,Proposed,37,BLK_37C,9,전면SAW,2,2025-12-05 19:53:01,2025-12-05 20:39:19,46.3,,공통
b150_overload_r1,Proposed,37,BLK_37C,9,TurnOver,3,2025-12-05 20:39:19,2025-12-05 20:52:31,13.2,,공통
b150_overload_r1,Proposed,37,BLK_37C,9,후면SAW,4,2025-12-05 22:21:35,2025-12-05 22:59:16,37.7,,공통
b150_overload_r1,Proposed,37,BLK_37C,9,NC,5,2025-12-05 23:09:57,2025-12-06 00:04:45,54.8,,공통
b150_overload_r1,Proposed,37,BLK_37C,9,베이36B 론지취부,6,2025-12-06 00:04:45,2025-12-06 01:55:51,111.1,36B,베이36B
b150_overload_r1,Proposed,37,BLK_37C,9,베이36B 론지용접,7,2025-12-06 01:55:51,2025-12-06 02:27:19,31.5,36B,베이36B
b150_overload_r1,Proposed,37,BLK_37C,9,베이36B 수정,8,2025-12-06 02:27:19,2025-12-06 03:35:44,68.4,36B,베이36B
b150_overload_r1,Proposed,45,BLK_45P,10,판계,1,2025-12-05 13:09:06,2025-12-05 13:47:36,38.5,,공통
b150_overload_r1,Proposed,45,BLK_45P,10,전면SAW,2,2025-12-05 20:39:19,2025-12-05 23:05:55,146.6,,공통
b150_overload_r1,Proposed,45,BLK_45P,10,TurnOver,3,2025-12-05 23:05:55,2025-12-05 23:19:07,13.2,,공통
b150_overload_r1,Proposed,45,BLK_45P,10,후면SAW,4,2025-12-05 23:19:07,2025-12-06 01:24:17,125.2,,공통
b150_overload_r1,Proposed,45,BLK_45P,10,NC,5,2025-12-06 01:24:17,2025-12-06 02:05:42,41.4,,공통
b150_overload_r1,Proposed,45,BLK_45P,10,베이35A 론지취부,6,2025-12-06 02:05:42,2025-12-06 02:39:48,34.1,35A,베이35A
b150_overload_r1,Proposed,45,BLK_45P,10,베이35A 론지용접,7,2025-12-06 02:39:48,2025-12-06 02:58:03,18.3,35A,베이35A
b150_overload_r1,Proposed,45,BLK_45P,10,베이35A 수정,8,2025-12-06 02:58:03,2025-12-06 03:18:04,20.0,35A,베이35A
b150_overload_r1,Proposed,66,BLK_66C,11,판계,1,2025-12-05 13:47:36,2025-12-05 14:37:06,49.5,,공통
b150_overload_r1,Proposed,66,BLK_66C,11,전면SAW,2,2025-12-05 23:05:55,2025-12-05 23:48:37,42.7,,공통
b150_overload_r1,Proposed,66,BLK_66C,11,TurnOver,3,2025-12-05 23:48:37,2025-12-06 00:01:49,13.2,,공통
b150_overload_r1,Proposed,66,BLK_66C,11,후면SAW,4,2025-12-06 01:24:17,2025-12-06 01:57:13,32.9,,공통
b150_overload_r1,Proposed,66,BLK_66C,11,NC,5,2025-12-06 02:05:42,2025-12-06 03:04:48,59.1,,공통
b150_overload_r1,Proposed,66,BLK_66C,11,베이36B 론지취부,6,2025-12-06 03:04:48,2025-12-06 04:36:39,91.9,36B,베이36B
b150_overload_r1,Proposed,66,BLK_66C,11,베이36B 론지용접,7,2025-12-06 04:36:39,2025-12-06 05:04:48,28.2,36B,베이36B
b150_overload_r1,Proposed,66,BLK_66C,11,베이36B 수정,8,2025-12-06 05:04:48,2025-12-06 06:01:07,56.3,36B,베이36B
b150_overload_r1,Proposed,116,BLK_116P,12,판계,1,2025-12-05 14:37:06,2025-12-05 15:26:36,49.5,,공통
b150_overload_r1,Proposed,116,BLK_116P,12,전면SAW,2,2025-12-05 23:48:37,2025-12-06 03:17:37,209.0,,공통
b150_overload_r1,Proposed,116,BLK_116P,12,TurnOver,3,2025-12-06 03:17:37,2025-12-06 03:30:49,13.2,,공통
b150_overload_r1,Proposed,116,BLK_116P,12,후면SAW,4,2025-12-06 03:30:49,2025-12-06 06:32:19,181.5,,공통
b150_overload_r1,Proposed,116,BLK_116P,12,NC,5,2025-12-06 06:32:19,2025-12-06 07:54:27,82.1,,공통
b150_overload_r1,Proposed,116,BLK_116P,12,베이35A 론지취부,6,2025-12-06 07:54:27,2025-12-06 09:07:03,72.6,35A,베이35A
b150_overload_r1,Proposed,116,BLK_116P,12,베이35A 론지용접,7,2025-12-06 09:07:03,2025-12-06 09:31:54,24.9,35A,베이35A
b150_overload_r1,Proposed,116,BLK_116P,12,베이35A 수정,8,2025-12-06 09:31:54,2025-12-06 10:16:08,44.2,35A,베이35A
b150_overload_r1,Proposed,76,BLK_76C,13,판계,1,2025-12-05 15:26:36,2025-12-05 15:59:36,33.0,,공통
b150_overload_r1,Proposed,76,BLK_76C,13,전면SAW,2,2025-12-06 03:17:37,2025-12-06 03:59:34,41.9,,공통
b150_overload_r1,Proposed,76,BLK_76C,13,TurnOver,3,2025-12-06 03:59:34,2025-12-06 04:12:46,13.2,,공통
b150_overload_r1,Proposed,76,BLK_76C,13,후면SAW,4,2025-12-06 06:32:19,2025-12-06 07:04:16,31.9,,공통
b150_overload_r1,Proposed,76,BLK_76C,13,NC,5,2025-12-06 07:54:27,2025-12-06 08:37:45,43.3,,공통
b150_overload_r1,Proposed,76,BLK_76C,13,베이36B 론지취부,6,2025-12-06 08:37:45,2025-12-06 09:42:39,64.9,36B,베이36B
b150_overload_r1,Proposed,76,BLK_76C,13,베이36B 론지용접,7,2025-12-06 09:42:39,2025-12-06 10:06:11,23.5,36B,베이36B
b150_overload_r1,Proposed,76,BLK_76C,13,베이36B 수정,8,2025-12-06 10:06:11,2025-12-06 10:45:34,39.4,36B,베이36B
b150_overload_r1,Proposed,82,BLK_82P,14,판계,1,2025-12-05 15:59:36,2025-12-05 16:30:24,30.8,,공통
b150_overload_r1,Proposed,82,BLK_82P,14,전면SAW,2,2025-12-06 03:59:34,2025-12-06 06:20:51,141.3,,공통
b150_overload_r1,Proposed,82,BLK_82P,14,TurnOver,3,2025-12-06 06:20:51,2025-12-06 06:34:03,13.2,,공통
b150_overload_r1,Proposed,82,BLK_82P,14,후면SAW,4,2025-12-06 07:04:16,2025-12-06 08:59:37,115.4,,공통
b150_overload_r1,Proposed,82,BLK_82P,14,NC,5,2025-12-06 08:59:37,2025-12-06 09:38:26,38.8,,공통
b150_overload_r1,Proposed,82,BLK_82P,14,베이35A 론지취부,6,2025-12-06 09:38:26,2025-12-06 10:43:20,64.9,35A,베이35A
b150_overload_r1,Proposed,82,BLK_82P,14,베이35A 론지용접,7,2025-12-06 10:43:20,2025-12-06 11:06:52,23.5,35A,베이35A
b150_overload_r1,Proposed,82,BLK_82P,14,베이35A 수정,8,2025-12-06 11:06:52,2025-12-06 11:46:15,39.4,35A,베이35A
b150_overload_r1,Proposed,55,BLK_55S,15,판계,1,2025-12-05 16:30:24,2025-12-05 17:03:24,33.0,,공통
b150_overload_r1,Proposed,55,BLK_55S,15,전면SAW,2,2025-12-06 06:20:51,2025-12-06 07:10:50,50.0,,공통
b150_overload_r1,Proposed,55,BLK_55S,15,TurnOver,3,2025-12-06 07:10:50,2025-12-06 07:24:02,13.2,,공통
b150_overload_r1,Proposed,55,BLK_55S,15,후면SAW,4,2025-12-06 08:59:37,2025-12-06 09:42:10,42.5,,공통
b150_overload_r1,Proposed,55,BLK_55S,15,NC,5,2025-12-06 09:42:10,2025-12-06 10:28:40,46.5,,공통
b150_overload_r1,Proposed,55,BLK_55S,15,베이36B 론지취부,6,2025-12-06 10:28:40,2025-12-06 11:25:52,57.2,36B,베이36B
b150_overload_r1,Proposed,55,BLK_55S,15,베이36B 론지용접,7,2025-12-06 11:25:52,2025-12-06 11:48:05,22.2,36B,베이36B
b150_overload_r1,Proposed,55,BLK_55S,15,베이36B 수정,8,2025-12-06 11:48:05,2025-12-06 12:22:38,34.5,36B,베이36B
b150_overload_r1,Proposed,106,BLK_106S,1,판계,1,2025-12-06 08:00:00,2025-12-06 08:41:48,41.8,,공통
b150_overload_r1,Proposed,106,BLK_106S,1,전면SAW,2,2025-12-06 08:41:48,2025-12-06 10:51:41,129.9,,공통
b150_overload_r1,Proposed,106,BLK_106S,1,TurnOver,3,2025-12-06 10:51:41,2025-12-06 11:04:53,13.2,,공통
b150_overload_r1,Proposed,106,BLK_106S,1,후면SAW,4,2025-12-06 11:04:53,2025-12-06 13:16:32,131.7,,공통
b150_overload_r1,Proposed,106,BLK_106S,1,NC,5,2025-12-06 13:16:32,2025-12-06 14:06:52,50.3,,공통
b150_overload_r1,Proposed,106,BLK_106S,1,베이35A 론지취부,6,2025-12-06 14:06:52,2025-12-06 15:15:37,68.8,35A,베이35A
b150_overload_r1,Proposed,106,BLK_106S,1,베이35A 론지용접,7,2025-12-06 15:15:37,2025-12-06 15:39:49,24.2,35A,베이35A
b150_overload_r1,Proposed,106,BLK_106S,1,베이35A 수정,8,2025-12-06 15:39:49,2025-12-06 16:21:37,41.8,35A,베이35A
b150_overload_r1,Proposed,41,BLK_41C,2,판계,1,2025-12-06 08:41:48,2025-12-06 08:55:00,13.2,,공통
b150_overload_r1,Proposed,41,BLK_41C,2,전면SAW,2,2025-12-06 10:51:41,2025-12-06 11:38:21,46.7,,공통
b150_overload_r1,Proposed,41,BLK_41C,2,TurnOver,3,2025-12-06 11:38:21,2025-12-06 11:51:33,13.2,,공통
b150_overload_r1,Proposed,41,BLK_41C,2,후면SAW,4,2025-12-06 13:16:32,2025-12-06 13:54:43,38.2,,공통
b150_overload_r1,Proposed,41,BLK_41C,2,NC,5,2025-12-06 14:06:52,2025-12-06 14:32:16,25.4,,공통
b150_overload_r1,Proposed,41,BLK_41C,2,베이36B 론지취부,6,2025-12-06 14:32:16,2025-12-06 15:44:52,72.6,36B,베이36B
b150_overload_r1,Proposed,41,BLK_41C,2,베이36B 론지용접,7,2025-12-06 15:44:52,2025-12-06 16:09:44,24.9,36B,베이36B
b150_overload_r1,Proposed,41,BLK_41C,2,베이36B 수정,8,2025-12-06 16:09:44,2025-12-06 16:53:57,44.2,36B,베이36B
b150_overload_r1,Proposed,49,BLK_49P,3,판계,1,2025-12-06 08:55:00,2025-12-06 09:28:00,33.0,,공통
b150_overload_r1,Proposed,49,BLK_49P,3,전면SAW,2,2025-12-06 11:38:21,2025-12-06 14:01:19,143.0,,공통
b150_overload_r1,Proposed,49,BLK_49P,3,TurnOver,3,2025-12-06 14:01:19,2025-12-06 14:14:31,13.2,,공통
b150_overload_r1,Proposed,49,BLK_49P,3,후면SAW,4,2025-12-06 14:14:31,2025-12-06 15:58:01,103.5,,공통
b150_overload_r1,Proposed,49,BLK_49P,3,NC,5,2025-12-06 15:58:01,2025-12-06 16:59:17,61.3,,공통
b150_overload_r1,Proposed,49,BLK_49P,3,베이35A 론지취부,6,2025-12-06 16:59:17,2025-12-06 18:15:44,76.5,35A,베이35A
b150_overload_r1,Proposed,49,BLK_49P,3,베이35A 론지용접,7,2025-12-06 18:15:44,2025-12-06 18:41:16,25.5,35A,베이35A
b150_overload_r1,Proposed,49,BLK_49P,3,베이35A 수정,8,2025-12-06 18:41:16,2025-12-06 19:27:54,46.6,35A,베이35A
b150_overload_r1,Proposed,96,BLK_96C,4,판계,1,2025-12-06 09:28:00,2025-12-06 10:01:00,33.0,,공통
b150_overload_r1,Proposed,96,BLK_96C,4,전면SAW,2,2025-12-06 14:01:19,2025-12-06 14:33:53,32.6,,공통
b150_overload_r1,Proposed,96,BLK_96C,4,TurnOver,3,2025-12-06 14:33:53,2025-12-06 14:47:05,13.2,,공통
b150_overload_r1,Proposed,96,BLK_96C,4,후면SAW,4,2025-12-06 15:58:01,2025-12-06 16:17:37,19.6,,공통
b150_overload_r1,Proposed,96,BLK_96C,4,NC,5,2025-12-06 16:59:17,2025-12-06 17:44:04,44.8,,공통
b150_overload_r1,Proposed,96,BLK_96C,4,베이36B 론지취부,6,2025-12-06 17:44:04,2025-12-06 18:29:43,45.7,36B,베이36B
b150_overload_r1,Proposed,96,BLK_96C,4,베이36B 론지용접,7,2025-12-06 18:29:43,2025-12-06 18:49:57,20.2,36B,베이36B
b150_overload_r1,Proposed,96,BLK_96C,4,베이36B 수정,8,2025-12-06 18:49:57,2025-12-06 19:17:14,27.3,36B,베이36B
b150_overload_r1,Proposed,72,BLK_72S,5,판계,1,2025-12-06 10:01:00,2025-12-06 10:34:00,33.0,,공통
b150_overload_r1,Proposed,72,BLK_72S,5,전면SAW,2,2025-12-06 14:33:53,2025-12-06 15:06:13,32.3,,공통
b150_overload_r1,Proposed,72,BLK_72S,5,TurnOver,3,2025-12-06 15:06:13,2025-12-06 15:19:25,13.2,,공통
b150_overload_r1,Proposed,72,BLK_72S,5,후면SAW,4,2025-12-06 16:17:37,2025-12-06 16:36:56,19.3,,공통
b150_overload_r1,Proposed,72,BLK_72S,5,NC,5,2025-12-06 17:44:04,2025-12-06 18:30:54,46.8,,공통
b150_overload_r1,Proposed,72,BLK_72S,5,베이35A 론지취부,6,2025-12-06 18:30:54,2025-12-06 19:35:48,64.9,35A,베이35A
b150_overload_r1,Proposed,72,BLK_72S,5,베이35A 론지용접,7,2025-12-06 19:35:48,2025-12-06 19:59:21,23.5,35A,베이35A
b150_overload_r1,Proposed,72,BLK_72S,5,베이35A 수정,8,2025-12-06 19:59:21,2025-12-06 20:38:44,39.4,35A,베이35A
b150_overload_r1,Proposed,86,BLK_86C,6,판계,1,2025-12-06 10:34:00,2025-12-06 10:56:00,22.0,,공통
b150_overload_r1,Proposed,86,BLK_86C,6,전면SAW,2,2025-12-06 15:06:13,2025-12-06 15:45:00,38.8,,공통
b150_overload_r1,Proposed,86,BLK_86C,6,TurnOver,3,2025-12-06 15:45:00,2025-12-06 15:58:12,13.2,,공통
b150_overload_r1,Proposed,86,BLK_86C,6,후면SAW,4,2025-12-06 16:36:56,2025-12-06 17:04:43,27.8,,공통
b150_overload_r1,Proposed,86,BLK_86C,6,NC,5,2025-12-06 18:30:54,2025-12-06 19:02:15,31.4,,공통
b150_overload_r1,Proposed,86,BLK_86C,6,베이36B 론지취부,6,2025-12-06 19:02:15,2025-12-06 19:55:36,53.4,36B,베이36B
b150_overload_r1,Proposed,86,BLK_86C,6,베이36B 론지용접,7,2025-12-06 19:55:36,2025-12-06 20:17:10,21.6,36B,베이36B
b150_overload_r1,Proposed,86,BLK_86C,6,베이36B 수정,8,2025-12-06 20:17:10,2025-12-06 20:49:17,32.1,36B,베이36B
b150_overload_r1,Proposed,62,BLK_62C,7,판계,1,2025-12-06 10:56:00,2025-12-06 11:23:30,27.5,,공통
b150_overload_r1,Proposed,62,BLK_62C,7,전면SAW,2,2025-12-06 15:45:00,2025-12-06 16:15:01,30.0,,공통
b150_overload_r1,Proposed,62,BLK_62C,7,TurnOver,3,2025-12-06 16:15:01,2025-12-06 16:28:13,13.2,,공통
b150_overload_r1,Proposed,62,BLK_62C,7,후면SAW,4,2025-12-06 17:04:43,2025-12-06 17:21:00,16.3,,공통
b150_overload_r1,Proposed,62,BLK_62C,7,NC,5,2025-12-06 19:02:15,2025-12-06 19:35:33,33.3,,공통
b150_overload_r1,Proposed,62,BLK_62C,7,베이35A 론지취부,6,2025-12-06 19:35:48,2025-12-06 20:24:12,48.4,35A,베이35A
b150_overload_r1,Proposed,62,BLK_62C,7,베이35A 론지용접,7,2025-12-06 20:24:12,2025-12-06 20:52:22,28.2,35A,베이35A
b150_overload_r1,Proposed,62,BLK_62C,7,베이35A 수정,8,2025-12-06 20:52:22,2025-12-06 21:09:58,17.6,35A,베이35A
b150_overload_r1,Proposed,87,BLK_87P,8,판계,1,2025-12-06 11:23:30,2025-12-06 12:07:30,44.0,,공통
b150_overload_r1,Proposed,87,BLK_87P,8,전면SAW,2,2025-12-06 16:15:01,2025-12-06 19:11:28,176.5,,공통
b150_overload_r1,Proposed,87,BLK_87P,8,TurnOver,3,2025-12-06 19:11:28,2025-12-06 19:24:40,13.2,,공통
b150_overload_r1,Proposed,87,BLK_87P,8,후면SAW,4,2025-12-06 19:24:40,2025-12-06 21:34:58,130.3,,공통
b150_overload_r1,Proposed,87,BLK_87P,8,NC,5,2025-12-06 21:34:58,2025-12-06 22:25:14,50.3,,공통
b150_overload_r1,Proposed,87,BLK_87P,8,베이36B 론지취부,6,2025-12-06 22:25:14,2025-12-06 23:53:14,88.0,36B,베이36B
b150_overload_r1,Proposed,87,BLK_87P,8,베이36B 론지용접,7,2025-12-06 23:53:14,2025-12-07 00:20:44,27.5,36B,베이36B
b150_overload_r1,Proposed,87,BLK_87P,8,베이36B 수정,8,2025-12-07 00:20:44,2025-12-07 01:14:38,53.9,36B,베이36B
b150_overload_r1,Proposed,121,BLK_121C,9,판계,1,2025-12-06 12:07:30,2025-12-06 12:20:42,13.2,,공통
b150_overload_r1,Proposed,121,BLK_121C,9,전면SAW,2,2025-12-06 19:11:28,2025-12-06 20:08:05,56.6,,공통
b150_overload_r1,Proposed,121,BLK_121C,9,TurnOver,3,2025-12-06 20:08:05,2025-12-06 20:21:17,13.2,,공통
b150_overload_r1,Proposed,121,BLK_121C,9,후면SAW,4,2025-12-06 21:34:58,2025-12-06 22:26:14,51.3,,공통
b150_overload_r1,Proposed,121,BLK_121C,9,NC,5,2025-12-06 22:26:14,2025-12-06 22:48:35,22.4,,공통
b150_overload_r1,Proposed,121,BLK_121C,9,베이35A 론지취부,6,2025-12-06 22:48:35,2025-12-06 23:38:05,49.5,35A,베이35A
b150_overload_r1,Proposed,121,BLK_121C,9,베이35A 론지용접,7,2025-12-06 23:38:05,2025-12-06 23:54:35,16.5,35A,베이35A
b150_overload_r1,Proposed,121,BLK_121C,9,베이35A 수정,8,2025-12-06 23:54:35,2025-12-07 00:24:17,29.7,35A,베이35A
b150_overload_r1,Proposed,77,BLK_77S,10,판계,1,2025-12-06 12:20:42,2025-12-06 12:57:00,36.3,,공통
b150_overload_r1,Proposed,77,BLK_77S,10,전면SAW,2,2025-12-06 20:08:05,2025-12-06 22:08:15,120.2,,공통
b150_overload_r1,Proposed,77,BLK_77S,10,TurnOver,3,2025-12-06 22:08:15,2025-12-06 22:21:27,13.2,,공통
b150_overload_r1,Proposed,77,BLK_77S,10,후면SAW,4,2025-12-06 22:26:14,2025-12-07 00:02:20,96.1,,공통
b150_overload_r1,Proposed,77,BLK_77S,10,NC,5,2025-12-07 00:02:20,2025-12-07 00:48:56,46.6,,공통
b150_overload_r1,Proposed,77,BLK_77S,10,베이36B 론지취부,6,2025-12-07 00:48:56,2025-12-07 02:20:47,91.9,36B,베이36B
b150_overload_r1,Proposed,77,BLK_77S,10,베이36B 론지용접,7,2025-12-07 02:20:47,2025-12-07 02:48:57,28.2,36B,베이36B
b150_overload_r1,Proposed,77,BLK_77S,10,베이36B 수정,8,2025-12-07 02:48:57,2025-12-07 03:45:16,56.3,36B,베이36B
b150_overload_r1,Proposed,105,BLK_105P,11,판계,1,2025-12-06 12:57:00,2025-12-06 13:30:00,33.0,,공통
b150_overload_r1,Proposed,105,BLK_105P,11,전면SAW,2,2025-12-06 22:08:15,2025-12-06 22:46:36,38.3,,공통
b150_overload_r1,Proposed,105,BLK_105P,11,TurnOver,3,2025-12-06 22:46:36,2025-12-06 22:59:48,13.2,,공통
b150_overload_r1,Proposed,105,BLK_105P,11,후면SAW,4,2025-12-07 00:02:20,2025-12-07 00:29:32,27.2,,공통
b150_overload_r1,Proposed,105,BLK_105P,11,NC,5,2025-12-07 00:48:56,2025-12-07 01:38:08,49.2,,공통
b150_overload_r1,Proposed,105,BLK_105P,11,베이35A 론지취부,6,2025-12-07 01:38:08,2025-12-07 03:13:50,95.7,35A,베이35A
b150_overload_r1,Proposed,105,BLK_105P,11,베이35A 론지용접,7,2025-12-07 03:13:50,2025-12-07 03:42:39,28.8,35A,베이35A
b150_overload_r1,Proposed,105,BLK_105P,11,베이35A 수정,8,2025-12-07 03:42:39,2025-12-07 04:41:23,58.7,35A,베이35A
b150_overload_r1,Proposed,36,BLK_36S,12,판계,1,2025-12-06 13:30:00,2025-12-06 14:00:48,30.8,,공통
b150_overload_r1,Proposed,36,BLK_36S,12,전면SAW,2,2025-12-06 22:46:36,2025-12-07 00:53:01,126.4,,공통
b150_overload_r1,Proposed,36,BLK_36S,12,TurnOver,3,2025-12-07 00:53:01,2025-12-07 01:06:13,13.2,,공통
b150_overload_r1,Proposed,36,BLK_36S,12,후면SAW,4,2025-12-07 01:06:13,2025-12-07 02:48:01,101.8,,공통
b150_overload_r1,Proposed,36,BLK_36S,12,NC,5,2025-12-07 02:48:01,2025-12-07 03:27:58,40.0,,공통
b150_overload_r1,Proposed,36,BLK_36S,12,베이36B 론지취부,6,2025-12-07 03:27:58,2025-12-07 04:55:58,88.0,36B,베이36B
b150_overload_r1,Proposed,36,BLK_36S,12,베이36B 론지용접,7,2025-12-07 04:55:58,2025-12-07 05:23:28,27.5,36B,베이36B
b150_overload_r1,Proposed,36,BLK_36S,12,베이36B 수정,8,2025-12-07 05:23:28,2025-12-07 06:17:22,53.9,36B,베이36B
b150_overload_r1,Proposed,64,BLK_64C,13,판계,1,2025-12-06 14:00:48,2025-12-06 14:22:48,22.0,,공통
b150_overload_r1,Proposed,64,BLK_64C,13,전면SAW,2,2025-12-07 00:53:01,2025-12-07 02:49:10,116.1,,공통
b150_overload_r1,Proposed,64,BLK_64C,13,TurnOver,3,2025-12-07 02:49:10,2025-12-07 03:02:22,13.2,,공통
b150_overload_r1,Proposed,64,BLK_64C,13,후면SAW,4,2025-12-07 03:02:22,2025-12-07 04:58:00,115.6,,공통
b150_overload_r1,Proposed,64,BLK_64C,13,NC,5,2025-12-07 04:58:00,2025-12-07 05:26:15,28.2,,공통
b150_overload_r1,Proposed,64,BLK_64C,13,베이35A 론지취부,6,2025-12-07 05:26:15,2025-12-07 06:19:03,52.8,35A,베이35A
b150_overload_r1,Proposed,64,BLK_64C,13,베이35A 론지용접,7,2025-12-07 06:19:03,2025-12-07 06:44:07,25.1,35A,베이35A
b150_overload_r1,Proposed,64,BLK_64C,13,베이35A 수정,8,2025-12-07 06:44:07,2025-12-07 06:59:18,15.2,35A,베이35A
b150_overload_r1,Proposed,83,BLK_83C,1,판계,1,2025-12-07 08:00:00,2025-12-07 08:33:00,33.0,,공통
b150_overload_r1,Proposed,83,BLK_83C,1,전면SAW,2,2025-12-07 08:33:00,2025-12-07 10:26:47,113.8,,공통
b150_overload_r1,Proposed,83,BLK_83C,1,TurnOver,3,2025-12-07 10:26:47,2025-12-07 10:39:59,13.2,,공통
b150_overload_r1,Proposed,83,BLK_83C,1,후면SAW,4,2025-12-07 10:39:59,2025-12-07 12:10:15,90.3,,공통
b150_overload_r1,Proposed,83,BLK_83C,1,NC,5,2025-12-07 12:10:15,2025-12-07 13:08:46,58.5,,공통
b150_overload_r1,Proposed,83,BLK_83C,1,베이36B 론지취부,6,2025-12-07 13:08:46,2025-12-07 14:21:22,72.6,36B,베이36B
b150_overload_r1,Proposed,83,BLK_83C,1,베이36B 론지용접,7,2025-12-07 14:21:22,2025-12-07 14:46:14,24.9,36B,베이36B
b150_overload_r1,Proposed,83,BLK_83C,1,베이36B 수정,8,2025-12-07 14:46:14,2025-12-07 15:30:27,44.2,36B,베이36B
b150_overload_r1,Proposed,142,BLK_142C,2,판계,1,2025-12-07 08:33:00,2025-12-07 09:06:00,33.0,,공통
b150_overload_r1,Proposed,142,BLK_142C,2,전면SAW,2,2025-12-07 10:26:47,2025-12-07 11:04:39,37.9,,공통
b150_overload_r1,Proposed,142,BLK_142C,2,TurnOver,3,2025-12-07 11:04:39,2025-12-07 11:17:51,13.2,,공통
b150_overload_r1,Proposed,142,BLK_142C,2,후면SAW,4,2025-12-07 12:10:15,2025-12-07 12:36:51,26.6,,공통
b150_overload_r1,Proposed,142,BLK_142C,2,NC,5,2025-12-07 13:08:46,2025-12-07 13:59:16,50.5,,공통
b150_overload_r1,Proposed,142,BLK_142C,2,베이36B 론지취부,6,2025-12-07 14:21:22,2025-12-07 16:24:01,122.7,36B,베이36B
b150_overload_r1,Proposed,142,BLK_142C,2,베이36B 론지용접,7,2025-12-07 16:24:01,2025-12-07 16:57:28,33.4,36B,베이36B
b150_overload_r1,Proposed,142,BLK_142C,2,베이36B 수정,8,2025-12-07 16:57:28,2025-12-07 18:13:09,75.7,36B,베이36B
b150_overload_r1,Proposed,61,BLK_61C,3,판계,1,2025-12-07 09:06:00,2025-12-07 09:39:00,33.0,,공통
b150_overload_r1,Proposed,61,BLK_61C,3,전면SAW,2,2025-12-07 11:04:39,2025-12-07 11:38:48,34.2,,공통
b150_overload_r1,Proposed,61,BLK_61C,3,TurnOver,3,2025-12-07 11:38:48,2025-12-07 11:52:00,13.2,,공통
b150_overload_r1,Proposed,61,BLK_61C,3,후면SAW,4,2025-12-07 12:36:51,2025-12-07 12:58:33,21.7,,공통
b150_overload_r1,Proposed,61,BLK_61C,3,NC,5,2025-12-07 13:59:16,2025-12-07 14:45:04,45.8,,공통
b150_overload_r1,Proposed,61,BLK_61C,3,베이35A 론지취부,6,2025-12-07 14:45:04,2025-12-07 16:09:13,84.2,35A,베이35A
b150_overload_r1,Proposed,61,BLK_61C,3,베이35A 론지용접,7,2025-12-07 16:09:13,2025-12-07 16:36:03,26.8,35A,베이35A
b150_overload_r1,Proposed,61,BLK_61C,3,베이35A 수정,8,2025-12-07 16:36:03,2025-12-07 17:27:32,51.5,35A,베이35A
b150_overload_r1,Proposed,131,BLK_131P,4,판계,1,2025-12-07 09:39:00,2025-12-07 10:09:48,30.8,,공통
b150_overload_r1,Proposed,131,BLK_131P,4,전면SAW,2,2025-12-07 11:38:48,2025-12-07 13:25:24,106.6,,공통
b150_overload_r1,Proposed,131,BLK_131P,4,TurnOver,3,2025-12-07 13:25:24,2025-12-07 13:38:36,13.2,,공통
b150_overload_r1,Proposed,131,BLK_131P,4,후면SAW,4,2025-12-07 13:38:36,2025-12-07 15:02:20,83.7,,공통
b150_overload_r1,Proposed,131,BLK_131P,4,NC,5,2025-12-07 15:02:20,2025-12-07 15:37:30,35.2,,공통
b150_overload_r1,Proposed,131,BLK_131P,4,베이36B 론지취부,6,2025-12-07 16:24:01,2025-12-07 17:21:13,57.2,36B,베이36B
b150_overload_r1,Proposed,131,BLK_131P,4,베이36B 론지용접,7,2025-12-07 17:21:13,2025-12-07 17:43:27,22.2,36B,베이36B
b150_overload_r1,Proposed,131,BLK_131P,4,베이36B 수정,8,2025-12-07 18:13:09,2025-12-07 18:47:41,34.5,36B,베이36B
b150_overload_r1,Proposed,112,BLK_112S,5,판계,1,2025-12-07 10:09:48,2025-12-07 10:42:48,33.0,,공통
b150_overload_r1,Proposed,112,BLK_112S,5,전면SAW,2,2025-12-07 13:25:24,2025-12-07 14:01:44,36.3,,공통
b150_overload_r1,Proposed,112,BLK_112S,5,TurnOver,3,2025-12-07 14:01:44,2025-12-07 14:14:56,13.2,,공통
b150_overload_r1,Proposed,112,BLK_112S,5,후면SAW,4,2025-12-07 15:02:20,2025-12-07 15:26:53,24.6,,공통
b150_overload_r1,Proposed,112,BLK_112S,5,NC,5,2025-12-07 15:37:30,2025-12-07 16:24:26,46.9,,공통
b150_overload_r1,Proposed,112,BLK_112S,5,베이35A 론지취부,6,2025-12-07 16:24:26,2025-12-07 17:52:26,88.0,35A,베이35A
b150_overload_r1,Proposed,112,BLK_112S,5,베이35A 론지용접,7,2025-12-07 17:52:26,2025-12-07 18:19:56,27.5,35A,베이35A
b150_overload_r1,Proposed,112,BLK_112S,5,베이35A 수정,8,2025-12-07 18:19:56,2025-12-07 19:13:50,53.9,35A,베이35A
b150_overload_r1,Proposed,75,BLK_75C,6,판계,1,2025-12-07 10:42:48,2025-12-07 11:24:36,41.8,,공통
b150_overload_r1,Proposed,75,BLK_75C,6,전면SAW,2,2025-12-07 14:01:44,2025-12-07 16:13:12,131.5,,공통
b150_overload_r1,Proposed,75,BLK_75C,6,TurnOver,3,2025-12-07 16:13:12,2025-12-07 16:26:24,13.2,,공통
b150_overload_r1,Proposed,75,BLK_75C,6,후면SAW,4,2025-12-07 16:26:24,2025-12-07 18:12:49,106.4,,공통
b150_overload_r1,Proposed,75,BLK_75C,6,NC,5,2025-12-07 18:12:49,2025-12-07 19:05:39,52.8,,공통
b150_overload_r1,Proposed,75,BLK_75C,6,베이36B 론지취부,6,2025-12-07 19:05:39,2025-12-07 20:29:48,84.2,36B,베이36B
b150_overload_r1,Proposed,75,BLK_75C,6,베이36B 론지용접,7,2025-12-07 20:29:48,2025-12-07 20:56:38,26.8,36B,베이36B
b150_overload_r1,Proposed,75,BLK_75C,6,베이36B 수정,8,2025-12-07 20:56:38,2025-12-07 21:48:07,51.5,36B,베이36B
b150_overload_r1,Proposed,144,BLK_101S,7,판계,1,2025-12-07 11:24:36,2025-12-07 11:57:36,33.0,,공통
b150_overload_r1,Proposed,144,BLK_101S,7,전면SAW,2,2025-12-07 16:13:12,2025-12-07 16:49:09,35.9,,공통
b150_overload_r1,Proposed,144,BLK_101S,7,TurnOver,3,2025-12-07 16:49:09,2025-12-07 17:02:21,13.2,,공통
b150_overload_r1,Proposed,144,BLK_101S,7,후면SAW,4,2025-12-07 18:12:49,2025-12-07 18:36:52,24.1,,공통
b150_overload_r1,Proposed,144,BLK_101S,7,NC,5,2025-12-07 19:05:39,2025-12-07 19:53:52,48.2,,공통
b150_overload_r1,Proposed,144,BLK_101S,7,베이35A 론지취부,6,2025-12-07 19:53:52,2025-12-07 21:06:28,72.6,35A,베이35A
b150_overload_r1,Proposed,144,BLK_101S,7,베이35A 론지용접,7,2025-12-07 21:06:28,2025-12-07 21:31:20,24.9,35A,베이35A
b150_overload_r1,Proposed,144,BLK_101S,7,베이35A 수정,8,2025-12-07 21:31:20,2025-12-07 22:15:33,44.2,35A,베이35A
b150_overload_r1,Proposed,53,BLK_53C,8,판계,1,2025-12-07 11:57:36,2025-12-07 12:30:36,33.0,,공통
b150_overload_r1,Proposed,53,BLK_53C,8,전면SAW,2,2025-12-07 16:49:09,2025-12-07 19:20:07,151.0,,공통
b150_overload_r1,Proposed,53,BLK_53C,8,TurnOver,3,2025-12-07 19:20:07,2025-12-07 19:33:19,13.2,,공통
b150_overload_r1,Proposed,53,BLK_53C,8,후면SAW,4,2025-12-07 19:33:19,2025-12-07 21:42:39,129.3,,공통
b150_overload_r1,Proposed,53,BLK_53C,8,NC,5,2025-12-07 21:42:39,2025-12-07 22:45:59,63.3,,공통
b150_overload_r1,Proposed,53,BLK_53C,8,베이36B 론지취부,6,2025-12-07 22:45:59,2025-12-08 00:17:50,91.9,36B,베이36B
b150_overload_r1,Proposed,53,BLK_53C,8,베이36B 론지용접,7,2025-12-08 00:17:50,2025-12-08 00:45:59,28.2,36B,베이36B
b150_overload_r1,Proposed,53,BLK_53C,8,베이36B 수정,8,2025-12-08 00:45:59,2025-12-08 01:42:18,56.3,36B,베이36B
b150_overload_r1,Proposed,145,BLK_133S,9,판계,1,2025-12-07 12:30:36,2025-12-07 13:03:36,33.0,,공통
b150_overload_r1,Proposed,145,BLK_133S,9,전면SAW,2,2025-12-07 19:20:07,2025-12-07 19:55:51,35.7,,공통
b150_overload_r1,Proposed,145,BLK_133S,9,TurnOver,3,2025-12-07 19:55:51,2025-12-07 20:09:03,13.2,,공통
b150_overload_r1,Proposed,145,BLK_133S,9,후면SAW,4,2025-12-07 21:42:39,2025-12-07 22:06:27,23.8,,공통
b150_overload_r1,Proposed,145,BLK_133S,9,NC,5,2025-12-07 22:45:59,2025-12-07 23:31:11,45.2,,공통
b150_overload_r1,Proposed,145,BLK_133S,9,베이35A 론지취부,6,2025-12-07 23:31:11,2025-12-08 00:51:29,80.3,35A,베이35A
b150_overload_r1,Proposed,145,BLK_133S,9,베이35A 론지용접,7,2025-12-08 00:51:29,2025-12-08 01:17:40,26.2,35A,베이35A
b150_overload_r1,Proposed,145,BLK_133S,9,베이35A 수정,8,2025-12-08 01:17:40,2025-12-08 02:06:44,49.1,35A,베이35A
b150_overload_r1,Proposed,122,BLK_122S,10,판계,1,2025-12-07 13:03:36,2025-12-07 13:25:36,22.0,,공통
b150_overload_r1,Proposed,122,BLK_122S,10,전면SAW,2,2025-12-07 19:55:51,2025-12-07 22:20:27,144.6,,공통
b150_overload_r1,Proposed,122,BLK_122S,10,TurnOver,3,2025-12-07 22:20:27,2025-12-07 22:33:39,13.2,,공통
b150_overload_r1,Proposed,122,BLK_122S,10,후면SAW,4,2025-12-07 22:33:39,2025-12-08 00:32:01,118.4,,공통
b150_overload_r1,Proposed,122,BLK_122S,10,NC,5,2025-12-08 00:32:01,2025-12-08 01:02:42,30.7,,공통
b150_overload_r1,Proposed,122,BLK_122S,10,베이36B 론지취부,6,2025-12-08 01:02:42,2025-12-08 01:59:54,57.2,36B,베이36B
b150_overload_r1,Proposed,122,BLK_122S,10,베이36B 론지용접,7,2025-12-08 01:59:54,2025-12-08 02:22:08,22.2,36B,베이36B
b150_overload_r1,Proposed,122,BLK_122S,10,베이36B 수정,8,2025-12-08 02:22:08,2025-12-08 02:56:40,34.5,36B,베이36B
b150_overload_r1,Proposed,28,BLK_28C,1,판계,1,2025-12-08 08:00:00,2025-12-08 08:33:00,33.0,,공통
b150_overload_r1,Proposed,28,BLK_28C,1,전면SAW,2,2025-12-08 08:33:00,2025-12-08 09:09:19,36.3,,공통
b150_overload_r1,Proposed,28,BLK_28C,1,TurnOver,3,2025-12-08 09:09:19,2025-12-08 09:22:31,13.2,,공통
b150_overload_r1,Proposed,28,BLK_28C,1,후면SAW,4,2025-12-08 09:22:31,2025-12-08 09:47:05,24.6,,공통
b150_overload_r1,Proposed,28,BLK_28C,1,NC,5,2025-12-08 09:47:05,2025-12-08 10:42:37,55.5,,공통
b150_overload_r1,Proposed,28,BLK_28C,1,베이36B 론지취부,6,2025-12-08 10:42:37,2025-12-08 12:22:10,99.6,36B,베이36B
b150_overload_r1,Proposed,28,BLK_28C,1,베이36B 론지용접,7,2025-12-08 12:22:10,2025-12-08 12:51:39,29.5,36B,베이36B
b150_overload_r1,Proposed,28,BLK_28C,1,베이36B 수정,8,2025-12-08 12:51:39,2025-12-08 13:52:48,61.2,36B,베이36B
b150_overload_r1,Proposed,141,BLK_141C,2,판계,1,2025-12-08 08:33:00,2025-12-08 09:14:48,41.8,,공통
b150_overload_r1,Proposed,141,BLK_141C,2,전면SAW,2,2025-12-08 09:14:48,2025-12-08 10:47:39,92.9,,공통
b150_overload_r1,Proposed,141,BLK_141C,2,TurnOver,3,2025-12-08 10:47:39,2025-12-08 11:00:51,13.2,,공통
b150_overload_r1,Proposed,141,BLK_141C,2,후면SAW,4,2025-12-08 11:00:51,2025-12-08 12:12:02,71.2,,공통
b150_overload_r1,Proposed,141,BLK_141C,2,NC,5,2025-12-08 12:12:02,2025-12-08 13:00:00,48.0,,공통
b150_overload_r1,Proposed,141,BLK_141C,2,베이35A 론지취부,6,2025-12-08 13:00:00,2025-12-08 14:12:36,72.6,35A,베이35A
b150_overload_r1,Proposed,141,BLK_141C,2,베이35A 론지용접,7,2025-12-08 14:12:36,2025-12-08 14:37:27,24.9,35A,베이35A
b150_overload_r1,Proposed,141,BLK_141C,2,베이35A 수정,8,2025-12-08 14:37:27,2025-12-08 15:21:40,44.2,35A,베이35A
b150_overload_r1,Proposed,115,BLK_115C,3,판계,1,2025-12-08 09:14:48,2025-12-08 09:47:48,33.0,,공통
b150_overload_r1,Proposed,115,BLK_115C,3,전면SAW,2,2025-12-08 10:47:39,2025-12-08 11:25:41,38.0,,공통
b150_overload_r1,Proposed,115,BLK_115C,3,TurnOver,3,2025-12-08 11:25:41,2025-12-08 11:38:53,13.2,,공통
b150_overload_r1,Proposed,115,BLK_115C,3,후면SAW,4,2025-12-08 12:12:02,2025-12-08 12:38:51,26.8,,공통
b150_overload_r1,Proposed,115,BLK_115C,3,NC,5,2025-12-08 13:00:00,2025-12-08 13:47:44,47.7,,공통
b150_overload_r1,Proposed,115,BLK_115C,3,베이36B 론지취부,6,2025-12-08 13:47:44,2025-12-08 15:08:02,80.3,36B,베이36B
b150_overload_r1,Proposed,115,BLK_115C,3,베이36B 론지용접,7,2025-12-08 15:08:02,2025-12-08 15:34:13,26.2,36B,베이36B
b150_overload_r1,Proposed,115,BLK_115C,3,베이36B 수정,8,2025-12-08 15:34:13,2025-12-08 16:23:16,49.1,36B,베이36B
b150_overload_r1,Proposed,124,BLK_124P,4,판계,1,2025-12-08 09:47:48,2025-12-08 10:09:48,22.0,,공통
b150_overload_r1,Proposed,124,BLK_124P,4,전면SAW,2,2025-12-08 11:25:41,2025-12-08 13:06:00,100.3,,공통
b150_overload_r1,Proposed,124,BLK_124P,4,TurnOver,3,2025-12-08 13:06:00,2025-12-08 13:19:12,13.2,,공통
b150_overload_r1,Proposed,124,BLK_124P,4,후면SAW,4,2025-12-08 13:19:12,2025-12-08 14:37:12,78.0,,공통
b150_overload_r1,Proposed,124,BLK_124P,4,NC,5,2025-12-08 14:37:12,2025-12-08 15:05:53,28.7,,공통
b150_overload_r1,Proposed,124,BLK_124P,4,베이35A 론지취부,6,2025-12-08 15:05:53,2025-12-08 15:51:32,45.7,35A,베이35A
b150_overload_r1,Proposed,124,BLK_124P,4,베이35A 론지용접,7,2025-12-08 15:51:32,2025-12-08 16:11:46,20.2,35A,베이35A
b150_overload_r1,Proposed,124,BLK_124P,4,베이35A 수정,8,2025-12-08 16:11:46,2025-12-08 16:39:03,27.3,35A,베이35A
b150_overload_r1,Proposed,134,BLK_134C,5,판계,1,2025-12-08 10:09:48,2025-12-08 10:23:00,13.2,,공통
b150_overload_r1,Proposed,134,BLK_134C,5,전면SAW,2,2025-12-08 13:06:00,2025-12-08 14:00:05,54.1,,공통
b150_overload_r1,Proposed,134,BLK_134C,5,TurnOver,3,2025-12-08 14:00:05,2025-12-08 14:13:17,13.2,,공통
b150_overload_r1,Proposed,134,BLK_134C,5,후면SAW,4,2025-12-08 14:37:12,2025-12-08 15:25:08,47.9,,공통
b150_overload_r1,Proposed,134,BLK_134C,5,NC,5,2025-12-08 15:25:08,2025-12-08 15:48:30,23.4,,공통
b150_overload_r1,Proposed,134,BLK_134C,5,베이36B 론지취부,6,2025-12-08 15:48:30,2025-12-08 16:34:09,45.7,36B,베이36B
b150_overload_r1,Proposed,134,BLK_134C,5,베이36B 론지용접,7,2025-12-08 16:34:09,2025-12-08 16:50:00,15.8,36B,베이36B
b150_overload_r1,Proposed,134,BLK_134C,5,베이36B 수정,8,2025-12-08 16:50:00,2025-12-08 17:17:16,27.3,36B,베이36B
b150_overload_r1,Proposed,50,BLK_50C,6,판계,1,2025-12-08 10:23:00,2025-12-08 10:56:00,33.0,,공통
b150_overload_r1,Proposed,50,BLK_50C,6,전면SAW,2,2025-12-08 14:00:05,2025-12-08 15:42:26,102.3,,공통
b150_overload_r1,Proposed,50,BLK_50C,6,TurnOver,3,2025-12-08 15:42:26,2025-12-08 15:55:38,13.2,,공통
b150_overload_r1,Proposed,50,BLK_50C,6,후면SAW,4,2025-12-08 15:55:38,2025-12-08 17:15:29,79.8,,공통
b150_overload_r1,Proposed,50,BLK_50C,6,NC,5,2025-12-08 17:15:29,2025-12-08 18:14:50,59.3,,공통
b150_overload_r1,Proposed,50,BLK_50C,6,베이35A 론지취부,6,2025-12-08 18:14:50,2025-12-08 20:05:56,111.1,35A,베이35A
b150_overload_r1,Proposed,50,BLK_50C,6,베이35A 론지용접,7,2025-12-08 20:05:56,2025-12-08 20:37:23,31.5,35A,베이35A
b150_overload_r1,Proposed,50,BLK_50C,6,베이35A 수정,8,2025-12-08 20:37:23,2025-12-08 21:45:48,68.4,35A,베이35A
b150_overload_r1,Proposed,40,BLK_40C,7,판계,1,2025-12-08 10:56:00,2025-12-08 11:29:00,33.0,,공통
b150_overload_r1,Proposed,40,BLK_40C,7,전면SAW,2,2025-12-08 15:42:26,2025-12-08 16:27:05,44.6,,공통
b150_overload_r1,Proposed,40,BLK_40C,7,TurnOver,3,2025-12-08 16:27:05,2025-12-08 16:40:17,13.2,,공통
b150_overload_r1,Proposed,40,BLK_40C,7,후면SAW,4,2025-12-08 17:15:29,2025-12-08 17:51:00,35.5,,공통
b150_overload_r1,Proposed,40,BLK_40C,7,NC,5,2025-12-08 18:14:50,2025-12-08 18:59:45,44.9,,공통
b150_overload_r1,Proposed,40,BLK_40C,7,베이36B 론지취부,6,2025-12-08 18:59:45,2025-12-08 20:16:12,76.5,36B,베이36B
b150_overload_r1,Proposed,40,BLK_40C,7,베이36B 론지용접,7,2025-12-08 20:16:12,2025-12-08 20:41:43,25.5,36B,베이36B
b150_overload_r1,Proposed,40,BLK_40C,7,베이36B 수정,8,2025-12-08 20:41:43,2025-12-08 21:28:22,46.6,36B,베이36B
b150_overload_r1,Proposed,56,BLK_56C,8,판계,1,2025-12-08 11:29:00,2025-12-08 11:58:42,29.7,,공통
b150_overload_r1,Proposed,56,BLK_56C,8,전면SAW,2,2025-12-08 16:27:05,2025-12-08 18:37:58,130.9,,공통
b150_overload_r1,Proposed,56,BLK_56C,8,TurnOver,3,2025-12-08 18:37:58,2025-12-08 18:51:10,13.2,,공통
b150_overload_r1,Proposed,56,BLK_56C,8,후면SAW,4,2025-12-08 18:51:10,2025-12-08 20:25:01,93.8,,공통
b150_overload_r1,Proposed,56,BLK_56C,8,NC,5,2025-12-08 20:25:01,2025-12-08 20:59:41,34.7,,공통
b150_overload_r1,Proposed,56,BLK_56C,8,베이35A 론지취부,6,2025-12-08 20:59:41,2025-12-08 21:49:11,49.5,35A,베이35A
b150_overload_r1,Proposed,56,BLK_56C,8,베이35A 론지용접,7,2025-12-08 21:49:11,2025-12-08 22:10:05,20.9,35A,베이35A
b150_overload_r1,Proposed,56,BLK_56C,8,베이35A 수정,8,2025-12-08 22:10:05,2025-12-08 22:39:47,29.7,35A,베이35A
b150_overload_r1,Proposed,95,BLK_95C,9,판계,1,2025-12-08 11:58:42,2025-12-08 12:31:42,33.0,,공통
b150_overload_r1,Proposed,95,BLK_95C,9,전면SAW,2,2025-12-08 18:37:58,2025-12-08 19:24:20,46.4,,공통
b150_overload_r1,Proposed,95,BLK_95C,9,TurnOver,3,2025-12-08 19:24:20,2025-12-08 19:37:32,13.2,,공통
b150_overload_r1,Proposed,95,BLK_95C,9,후면SAW,4,2025-12-08 20:25:01,2025-12-08 21:02:47,37.8,,공통
b150_overload_r1,Proposed,95,BLK_95C,9,NC,5,2025-12-08 21:02:47,2025-12-08 21:54:41,51.9,,공통
b150_overload_r1,Proposed,95,BLK_95C,9,베이36B 론지취부,6,2025-12-08 21:54:41,2025-12-08 23:18:50,84.2,36B,베이36B
b150_overload_r1,Proposed,95,BLK_95C,9,베이36B 론지용접,7,2025-12-08 23:18:50,2025-12-08 23:45:40,26.8,36B,베이36B
b150_overload_r1,Proposed,95,BLK_95C,9,베이36B 수정,8,2025-12-08 23:45:40,2025-12-09 00:37:09,51.5,36B,베이36B
b150_overload_r1,Proposed,46,BLK_46S,10,판계,1,2025-12-08 12:31:42,2025-12-08 13:13:30,41.8,,공통
b150_overload_r1,Proposed,46,BLK_46S,10,전면SAW,2,2025-12-08 19:24:20,2025-12-08 21:08:40,104.3,,공통
b150_overload_r1,Proposed,46,BLK_46S,10,TurnOver,3,2025-12-08 21:08:40,2025-12-08 21:21:52,13.2,,공통
b150_overload_r1,Proposed,46,BLK_46S,10,후면SAW,4,2025-12-08 21:21:52,2025-12-08 23:03:44,101.9,,공통
b150_overload_r1,Proposed,46,BLK_46S,10,NC,5,2025-12-08 23:03:44,2025-12-08 23:54:00,50.3,,공통
b150_overload_r1,Proposed,46,BLK_46S,10,베이35A 론지취부,6,2025-12-08 23:54:00,2025-12-09 01:02:45,68.8,35A,베이35A
b150_overload_r1,Proposed,46,BLK_46S,10,베이35A 론지용접,7,2025-12-09 01:02:45,2025-12-09 01:26:57,24.2,35A,베이35A
b150_overload_r1,Proposed,46,BLK_46S,10,베이35A 수정,8,2025-12-09 01:26:57,2025-12-09 02:08:45,41.8,35A,베이35A
b150_overload_r1,Proposed,63,BLK_63C,11,판계,1,2025-12-08 13:13:30,2025-12-08 13:46:30,33.0,,공통
b150_overload_r1,Proposed,63,BLK_63C,11,전면SAW,2,2025-12-08 21:08:40,2025-12-08 21:51:54,43.2,,공통
b150_overload_r1,Proposed,63,BLK_63C,11,TurnOver,3,2025-12-08 21:51:54,2025-12-08 22:05:06,13.2,,공통
b150_overload_r1,Proposed,63,BLK_63C,11,후면SAW,4,2025-12-08 23:03:44,2025-12-08 23:37:23,33.6,,공통
b150_overload_r1,Proposed,63,BLK_63C,11,NC,5,2025-12-08 23:54:00,2025-12-09 00:40:00,46.0,,공통
b150_overload_r1,Proposed,63,BLK_63C,11,베이36B 론지취부,6,2025-12-09 00:40:00,2025-12-09 01:56:27,76.5,36B,베이36B
b150_overload_r1,Proposed,63,BLK_63C,11,베이36B 론지용접,7,2025-12-09 01:56:27,2025-12-09 02:21:58,25.5,36B,베이36B
b150_overload_r1,Proposed,63,BLK_63C,11,베이36B 수정,8,2025-12-09 02:21:58,2025-12-09 03:08:37,46.6,36B,베이36B
b150_overload_r1,Proposed,16,BLK_16S,12,판계,1,2025-12-08 13:46:30,2025-12-08 14:43:42,57.2,,공통
b150_overload_r1,Proposed,16,BLK_16S,12,전면SAW,2,2025-12-08 21:51:54,2025-12-09 00:15:09,143.3,,공통
b150_overload_r1,Proposed,16,BLK_16S,12,TurnOver,3,2025-12-09 00:15:09,2025-12-09 00:28:21,13.2,,공통
b150_overload_r1,Proposed,16,BLK_16S,12,후면SAW,4,2025-12-09 00:28:21,2025-12-09 02:55:35,147.2,,공통
b150_overload_r1,Proposed,16,BLK_16S,12,NC,5,2025-12-09 02:55:35,2025-12-09 04:14:00,78.4,,공통
b150_overload_r1,Proposed,16,BLK_16S,12,베이36B 론지취부,6,2025-12-09 04:14:00,2025-12-09 07:02:51,168.9,36B,베이36B
b150_overload_r1,Proposed,16,BLK_16S,12,베이36B 론지용접,7,2025-12-09 07:02:51,2025-12-09 07:44:12,41.4,36B,베이36B
b150_overload_r1,Proposed,16,BLK_16S,12,베이36B 수정,8,2025-12-09 07:44:12,2025-12-09 09:28:56,104.7,36B,베이36B
b150_overload_r1,Proposed,117,BLK_117P,13,판계,1,2025-12-08 14:43:42,2025-12-08 15:11:12,27.5,,공통
b150_overload_r1,Proposed,117,BLK_117P,13,전면SAW,2,2025-12-09 00:15:09,2025-12-09 00:53:52,38.7,,공통
b150_overload_r1,Proposed,117,BLK_117P,13,TurnOver,3,2025-12-09 00:53:52,2025-12-09 01:07:04,13.2,,공통
b150_overload_r1,Proposed,117,BLK_117P,13,후면SAW,4,2025-12-09 02:55:35,2025-12-09 03:23:18,27.7,,공통
b150_overload_r1,Proposed,117,BLK_117P,13,NC,5,2025-12-09 04:14:00,2025-12-09 04:54:36,40.6,,공통
b150_overload_r1,Proposed,117,BLK_117P,13,베이35A 론지취부,6,2025-12-09 04:54:36,2025-12-09 06:07:12,72.6,35A,베이35A
b150_overload_r1,Proposed,117,BLK_117P,13,베이35A 론지용접,7,2025-12-09 06:07:12,2025-12-09 06:32:03,24.9,35A,베이35A
b150_overload_r1,Proposed,117,BLK_117P,13,베이35A 수정,8,2025-12-09 06:32:03,2025-12-09 07:16:17,44.2,35A,베이35A
b150_overload_r1,Proposed,24,BLK_24P,14,판계,1,2025-12-08 15:11:12,2025-12-08 15:53:00,41.8,,공통
b150_overload_r1,Proposed,24,BLK_24P,14,전면SAW,2,2025-12-09 00:53:52,2025-12-09 02:44:04,110.2,,공통
b150_overload_r1,Proposed,24,BLK_24P,14,TurnOver,3,2025-12-09 02:44:04,2025-12-09 02:57:16,13.2,,공통
b150_overload_r1,Proposed,24,BLK_24P,14,후면SAW,4,2025-12-09 03:23:18,2025-12-09 05:12:00,108.7,,공통
b150_overload_r1,Proposed,24,BLK_24P,14,NC,5,2025-12-09 05:12:00,2025-12-09 06:01:38,49.6,,공통
b150_overload_r1,Proposed,24,BLK_24P,14,베이36B 론지취부,6,2025-12-09 07:02:51,2025-12-09 08:19:18,76.5,36B,베이36B
b150_overload_r1,Proposed,24,BLK_24P,14,베이36B 론지용접,7,2025-12-09 08:19:18,2025-12-09 08:44:49,25.5,36B,베이36B
b150_overload_r1,Proposed,24,BLK_24P,14,베이36B 수정,8,2025-12-09 09:28:56,2025-12-09 10:15:34,46.6,36B,베이36B
b150_overload_r1,Proposed,84,BLK_84C,15,판계,1,2025-12-08 15:53:00,2025-12-08 16:26:00,33.0,,공통
b150_overload_r1,Proposed,84,BLK_84C,15,전면SAW,2,2025-12-09 02:44:04,2025-12-09 03:18:26,34.4,,공통
b150_overload_r1,Proposed,84,BLK_84C,15,TurnOver,3,2025-12-09 03:18:26,2025-12-09 03:31:38,13.2,,공통
b150_overload_r1,Proposed,84,BLK_84C,15,후면SAW,4,2025-12-09 05:12:00,2025-12-09 05:33:59,22.0,,공통
b150_overload_r1,Proposed,84,BLK_84C,15,NC,5,2025-12-09 06:01:38,2025-12-09 06:55:10,53.5,,공통
b150_overload_r1,Proposed,84,BLK_84C,15,베이35A 론지취부,6,2025-12-09 06:55:10,2025-12-09 08:27:01,91.9,35A,베이35A
b150_overload_r1,Proposed,84,BLK_84C,15,베이35A 론지용접,7,2025-12-09 08:27:01,2025-12-09 08:55:11,28.2,35A,베이35A
b150_overload_r1,Proposed,84,BLK_84C,15,베이35A 수정,8,2025-12-09 08:55:11,2025-12-09 09:51:30,56.3,35A,베이35A
b150_overload_r1,Proposed,135,BLK_135C,16,판계,1,2025-12-08 16:26:00,2025-12-08 16:48:00,22.0,,공통
b150_overload_r1,Proposed,135,BLK_135C,16,전면SAW,2,2025-12-09 03:18:26,2025-12-09 03:56:57,38.5,,공통
b150_overload_r1,Proposed,135,BLK_135C,16,TurnOver,3,2025-12-09 03:56:57,2025-12-09 04:10:09,13.2,,공통
b150_overload_r1,Proposed,135,BLK_135C,16,후면SAW,4,2025-12-09 05:33:59,2025-12-09 06:01:25,27.4,,공통
b150_overload_r1,Proposed,135,BLK_135C,16,NC,5,2025-12-09 06:55:10,2025-12-09 07:28:29,33.3,,공통
b150_overload_r1,Proposed,135,BLK_135C,16,베이36B 론지취부,6,2025-12-09 08:19:18,2025-12-09 09:43:27,84.2,36B,베이36B
b150_overload_r1,Proposed,135,BLK_135C,16,베이36B 론지용접,7,2025-12-09 09:43:27,2025-12-09 10:10:17,26.8,36B,베이36B
b150_overload_r1,Proposed,135,BLK_135C,16,베이36B 수정,8,2025-12-09 10:15:34,2025-12-09 11:07:03,51.5,36B,베이36B
b150_overload_r1,Proposed,132,BLK_132S,17,판계,1,2025-12-08 16:48:00,2025-12-08 17:15:30,27.5,,공통
b150_overload_r1,Proposed,132,BLK_132S,17,전면SAW,2,2025-12-09 03:56:57,2025-12-09 04:35:02,38.1,,공통
b150_overload_r1,Proposed,132,BLK_132S,17,TurnOver,3,2025-12-09 04:35:02,2025-12-09 04:48:14,13.2,,공통
b150_overload_r1,Proposed,132,BLK_132S,17,후면SAW,4,2025-12-09 06:01:25,2025-12-09 06:28:18,26.9,,공통
b150_overload_r1,Proposed,132,BLK_132S,17,NC,5,2025-12-09 07:28:29,2025-12-09 08:10:13,41.7,,공통
b150_overload_r1,Proposed,132,BLK_132S,17,베이35A 론지취부,6,2025-12-09 08:27:01,2025-12-09 09:43:28,76.5,35A,베이35A
b150_overload_r1,Proposed,132,BLK_132S,17,베이35A 론지용접,7,2025-12-09 09:43:28,2025-12-09 10:08:59,25.5,35A,베이35A
b150_overload_r1,Proposed,132,BLK_132S,17,베이35A 수정,8,2025-12-09 10:08:59,2025-12-09 10:55:38,46.6,35A,베이35A
b150_overload_r1,Proposed,123,BLK_123S,1,판계,1,2025-12-09 08:00:00,2025-12-09 08:33:00,33.0,,공통
b150_overload_r1,Proposed,123,BLK_123S,1,전면SAW,2,2025-12-09 08:33:00,2025-12-09 09:09:14,36.2,,공통
b150_overload_r1,Proposed,123,BLK_123S,1,TurnOver,3,2025-12-09 09:09:14,2025-12-09 09:22:26,13.2,,공통
b150_overload_r1,Proposed,123,BLK_123S,1,후면SAW,4,2025-12-09 09:22:26,2025-12-09 09:46:52,24.4,,공통
b150_overload_r1,Proposed,123,BLK_123S,1,NC,5,2025-12-09 09:46:52,2025-12-09 10:35:02,48.2,,공통
b150_overload_r1,Proposed,123,BLK_123S,1,베이36B 론지취부,6,2025-12-09 10:35:02,2025-12-09 11:55:20,80.3,36B,베이36B
b150_overload_r1,Proposed,123,BLK_123S,1,베이36B 론지용접,7,2025-12-09 11:55:20,2025-12-09 12:21:30,26.2,36B,베이36B
b150_overload_r1,Proposed,123,BLK_123S,1,베이36B 수정,8,2025-12-09 12:21:30,2025-12-09 13:10:34,49.1,36B,베이36B
b150_overload_r1,Proposed,57,BLK_57P,2,판계,1,2025-12-09 08:33:00,2025-12-09 09:00:30,27.5,,공통
b150_overload_r1,Proposed,57,BLK_57P,2,전면SAW,2,2025-12-09 09:09:14,2025-12-09 09:44:34,35.3,,공통
b150_overload_r1,Proposed,57,BLK_57P,2,TurnOver,3,2025-12-09 09:44:34,2025-12-09 09:57:46,13.2,,공통
b150_overload_r1,Proposed,57,BLK_57P,2,후면SAW,4,2025-12-09 09:57:46,2025-12-09 10:21:02,23.3,,공통
b150_overload_r1,Proposed,57,BLK_57P,2,NC,5,2025-12-09 10:35:02,2025-12-09 11:15:38,40.6,,공통
b150_overload_r1,Proposed,57,BLK_57P,2,베이35A 론지취부,6,2025-12-09 11:15:38,2025-12-09 12:39:47,84.2,35A,베이35A
b150_overload_r1,Proposed,57,BLK_57P,2,베이35A 론지용접,7,2025-12-09 12:39:47,2025-12-09 13:06:37,26.8,35A,베이35A
b150_overload_r1,Proposed,57,BLK_57P,2,베이35A 수정,8,2025-12-09 13:06:37,2025-12-09 13:58:06,51.5,35A,베이35A
b150_overload_r1,Proposed,137,BLK_137S,3,판계,1,2025-12-09 09:00:30,2025-12-09 09:44:30,44.0,,공통
b150_overload_r1,Proposed,137,BLK_137S,3,전면SAW,2,2025-12-09 09:44:34,2025-12-09 12:46:40,182.1,,공통
b150_overload_r1,Proposed,137,BLK_137S,3,TurnOver,3,2025-12-09 12:46:40,2025-12-09 12:59:52,13.2,,공통
b150_overload_r1,Proposed,137,BLK_137S,3,후면SAW,4,2025-12-09 12:59:52,2025-12-09 15:14:41,134.8,,공통
b150_overload_r1,Proposed,137,BLK_137S,3,NC,5,2025-12-09 15:14:41,2025-12-09 16:07:23,52.7,,공통
b150_overload_r1,Proposed,137,BLK_137S,3,베이36B 론지취부,6,2025-12-09 16:07:23,2025-12-09 17:39:14,91.9,36B,베이36B
b150_overload_r1,Proposed,137,BLK_137S,3,베이36B 론지용접,7,2025-12-09 17:39:14,2025-12-09 18:07:23,28.2,36B,베이36B
b150_overload_r1,Proposed,137,BLK_137S,3,베이36B 수정,8,2025-12-09 18:07:23,2025-12-09 19:03:43,56.3,36B,베이36B
b150_overload_r1,Proposed,101,BLK_101P,4,판계,1,2025-12-09 09:44:30,2025-12-09 10:17:30,33.0,,공통
b150_overload_r1,Proposed,101,BLK_101P,4,전면SAW,2,2025-12-09 12:46:40,2025-12-09 13:22:37,35.9,,공통
b150_overload_r1,Proposed,101,BLK_101P,4,TurnOver,3,2025-12-09 13:22:37,2025-12-09 13:35:49,13.2,,공통
b150_overload_r1,Proposed,101,BLK_101P,4,후면SAW,4,2025-12-09 15:14:41,2025-12-09 15:38:45,24.1,,공통
b150_overload_r1,Proposed,101,BLK_101P,4,NC,5,2025-12-09 16:07:23,2025-12-09 16:55:36,48.2,,공통
b150_overload_r1,Proposed,101,BLK_101P,4,베이35A 론지취부,6,2025-12-09 16:55:36,2025-12-09 18:08:12,72.6,35A,베이35A
b150_overload_r1,Proposed,101,BLK_101P,4,베이35A 론지용접,7,2025-12-09 18:08:12,2025-12-09 18:33:04,24.9,35A,베이35A
b150_overload_r1,Proposed,101,BLK_101P,4,베이35A 수정,8,2025-12-09 18:33:04,2025-12-09 19:17:17,44.2,35A,베이35A
b150_overload_r1,Proposed,125,BLK_125P,5,판계,1,2025-12-09 10:17:30,2025-12-09 10:30:42,13.2,,공통
b150_overload_r1,Proposed,125,BLK_125P,5,전면SAW,2,2025-12-09 13:22:37,2025-12-09 14:20:45,58.1,,공통
b150_overload_r1,Proposed,125,BLK_125P,5,TurnOver,3,2025-12-09 14:20:45,2025-12-09 14:33:57,13.2,,공통
b150_overload_r1,Proposed,125,BLK_125P,5,후면SAW,4,2025-12-09 15:38:45,2025-12-09 16:32:01,53.3,,공통
b150_overload_r1,Proposed,125,BLK_125P,5,NC,5,2025-12-09 16:55:36,2025-12-09 17:18:28,22.9,,공통
b150_overload_r1,Proposed,125,BLK_125P,5,베이36B 론지취부,6,2025-12-09 17:39:14,2025-12-09 18:24:53,45.7,36B,베이36B
b150_overload_r1,Proposed,125,BLK_125P,5,베이36B 론지용접,7,2025-12-09 18:24:53,2025-12-09 18:40:43,15.8,36B,베이36B
b150_overload_r1,Proposed,125,BLK_125P,5,베이36B 수정,8,2025-12-09 19:03:43,2025-12-09 19:30:59,27.3,36B,베이36B
b150_overload_r1,Proposed,74,BLK_74P,6,판계,1,2025-12-09 10:30:42,2025-12-09 10:58:12,27.5,,공통
b150_overload_r1,Proposed,74,BLK_74P,6,전면SAW,2,2025-12-09 14:20:45,2025-12-09 14:57:40,36.9,,공통
b150_overload_r1,Proposed,74,BLK_74P,6,TurnOver,3,2025-12-09 14:57:40,2025-12-09 15:10:52,13.2,,공통
b150_overload_r1,Proposed,74,BLK_74P,6,후면SAW,4,2025-12-09 16:32:01,2025-12-09 16:57:21,25.3,,공통
b150_overload_r1,Proposed,74,BLK_74P,6,NC,5,2025-12-09 17:18:28,2025-12-09 17:57:32,39.1,,공통
b150_overload_r1,Proposed,74,BLK_74P,6,베이35A 론지취부,6,2025-12-09 18:08:12,2025-12-09 19:28:30,80.3,35A,베이35A
b150_overload_r1,Proposed,74,BLK_74P,6,베이35A 론지용접,7,2025-12-09 19:28:30,2025-12-09 19:54:41,26.2,35A,베이35A
b150_overload_r1,Proposed,74,BLK_74P,6,베이35A 수정,8,2025-12-09 19:54:41,2025-12-09 20:43:45,49.1,35A,베이35A
b150_overload_r1,Proposed,8,BLK_8C,7,판계,1,2025-12-09 10:58:12,2025-12-09 11:31:12,33.0,,공통
b150_overload_r1,Proposed,8,BLK_8C,7,전면SAW,2,2025-12-09 14:57:40,2025-12-09 15:32:58,35.3,,공통
b150_overload_r1,Proposed,8,BLK_8C,7,TurnOver,3,2025-12-09 15:32:58,2025-12-09 15:46:10,13.2,,공통
b150_overload_r1,Proposed,8,BLK_8C,7,후면SAW,4,2025-12-09 16:57:21,2025-12-09 17:20:34,23.2,,공통
b150_overload_r1,Proposed,8,BLK_8C,7,NC,5,2025-12-09 17:57:32,2025-12-09 18:51:55,54.4,,공통
b150_overload_r1,Proposed,8,BLK_8C,7,베이36B 론지취부,6,2025-12-09 18:51:55,2025-12-09 20:00:40,68.8,36B,베이36B
b150_overload_r1,Proposed,8,BLK_8C,7,베이36B 론지용접,7,2025-12-09 20:00:40,2025-12-09 20:24:52,24.2,36B,베이36B
b150_overload_r1,Proposed,8,BLK_8C,7,베이36B 수정,8,2025-12-09 20:24:52,2025-12-09 21:06:40,41.8,36B,베이36B
b150_overload_r1,Proposed,12,BLK_12P,8,판계,1,2025-12-09 11:31:12,2025-12-09 12:04:12,33.0,,공통
b150_overload_r1,Proposed,12,BLK_12P,8,전면SAW,2,2025-12-09 15:32:58,2025-12-09 16:10:35,37.6,,공통
b150_overload_r1,Proposed,12,BLK_12P,8,TurnOver,3,2025-12-09 16:10:35,2025-12-09 16:23:47,13.2,,공통
b150_overload_r1,Proposed,12,BLK_12P,8,후면SAW,4,2025-12-09 17:20:34,2025-12-09 17:46:49,26.3,,공통
b150_overload_r1,Proposed,12,BLK_12P,8,NC,5,2025-12-09 18:51:55,2025-12-09 19:38:55,47.0,,공통
b150_overload_r1,Proposed,12,BLK_12P,8,베이35A 론지취부,6,2025-12-09 19:38:55,2025-12-09 20:36:07,57.2,35A,베이35A
b150_overload_r1,Proposed,12,BLK_12P,8,베이35A 론지용접,7,2025-12-09 20:36:07,2025-12-09 20:58:20,22.2,35A,베이35A
b150_overload_r1,Proposed,12,BLK_12P,8,베이35A 수정,8,2025-12-09 20:58:20,2025-12-09 21:32:52,34.5,35A,베이35A
b150_overload_r1,Proposed,65,BLK_65C,9,판계,1,2025-12-09 12:04:12,2025-12-09 12:37:12,33.0,,공통
b150_overload_r1,Proposed,65,BLK_65C,9,전면SAW,2,2025-12-09 16:10:35,2025-12-09 16:41:25,30.8,,공통
b150_overload_r1,Proposed,65,BLK_65C,9,TurnOver,3,2025-12-09 16:41:25,2025-12-09 16:54:37,13.2,,공통
b150_overload_r1,Proposed,65,BLK_65C,9,후면SAW,4,2025-12-09 17:46:49,2025-12-09 18:04:09,17.3,,공통
b150_overload_r1,Proposed,65,BLK_65C,9,NC,5,2025-12-09 19:38:55,2025-12-09 20:22:38,43.7,,공통
b150_overload_r1,Proposed,65,BLK_65C,9,베이36B 론지취부,6,2025-12-09 20:22:38,2025-12-09 21:15:59,53.4,36B,베이36B
b150_overload_r1,Proposed,65,BLK_65C,9,베이36B 론지용접,7,2025-12-09 21:15:59,2025-12-09 21:37:33,21.6,36B,베이36B
b150_overload_r1,Proposed,65,BLK_65C,9,베이36B 수정,8,2025-12-09 21:37:33,2025-12-09 22:09:40,32.1,36B,베이36B
b150_overload_r1,Proposed,71,BLK_71C,10,판계,1,2025-12-09 12:37:12,2025-12-09 12:50:24,13.2,,공통
b150_overload_r1,Proposed,71,BLK_71C,10,전면SAW,2,2025-12-09 16:41:25,2025-12-09 17:30:44,49.3,,공통
b150_overload_r1,Proposed,71,BLK_71C,10,TurnOver,3,2025-12-09 17:30:44,2025-12-09 17:43:56,13.2,,공통
b150_overload_r1,Proposed,71,BLK_71C,10,후면SAW,4,2025-12-09 18:04:09,2025-12-09 18:45:50,41.7,,공통
b150_overload_r1,Proposed,71,BLK_71C,10,NC,5,2025-12-09 20:22:38,2025-12-09 20:45:42,23.1,,공통
b150_overload_r1,Proposed,71,BLK_71C,10,베이35A 론지취부,6,2025-12-09 20:45:42,2025-12-09 21:27:30,41.8,35A,베이35A
b150_overload_r1,Proposed,71,BLK_71C,10,베이35A 론지용접,7,2025-12-09 21:27:30,2025-12-09 21:42:41,15.2,35A,베이35A
b150_overload_r1,Proposed,71,BLK_71C,10,베이35A 수정,8,2025-12-09 21:42:41,2025-12-09 22:07:33,24.9,35A,베이35A
b150_overload_r1,Proposed,91,BLK_91S,11,판계,1,2025-12-09 12:50:24,2025-12-09 13:17:54,27.5,,공통
b150_overload_r1,Proposed,91,BLK_91S,11,전면SAW,2,2025-12-09 17:30:44,2025-12-09 18:09:31,38.8,,공통
b150_overload_r1,Proposed,91,BLK_91S,11,TurnOver,3,2025-12-09 18:09:31,2025-12-09 18:22:43,13.2,,공통
b150_overload_r1,Proposed,91,BLK_91S,11,후면SAW,4,2025-12-09 18:45:50,2025-12-09 19:13:38,27.8,,공통
b150_overload_r1,Proposed,91,BLK_91S,11,NC,5,2025-12-09 20:45:42,2025-12-09 21:25:17,39.6,,공통
b150_overload_r1,Proposed,91,BLK_91S,11,베이36B 론지취부,6,2025-12-09 21:25:17,2025-12-09 22:26:20,61.1,36B,베이36B
b150_overload_r1,Proposed,91,BLK_91S,11,베이36B 론지용접,7,2025-12-09 22:26:20,2025-12-09 22:49:13,22.9,36B,베이36B
b150_overload_r1,Proposed,91,BLK_91S,11,베이36B 수정,8,2025-12-09 22:49:13,2025-12-09 23:26:10,37.0,36B,베이36B
b150_overload_r1,Proposed,92,BLK_92P,12,판계,1,2025-12-09 13:17:54,2025-12-09 13:50:54,33.0,,공통
b150_overload_r1,Proposed,92,BLK_92P,12,전면SAW,2,2025-12-09 18:09:31,2025-12-09 18:43:53,34.4,,공통
b150_overload_r1,Proposed,92,BLK_92P,12,TurnOver,3,2025-12-09 18:43:53,2025-12-09 18:57:05,13.2,,공통
b150_overload_r1,Proposed,92,BLK_92P,12,후면SAW,4,2025-12-09 19:13:38,2025-12-09 19:35:37,22.0,,공통
b150_overload_r1,Proposed,92,BLK_92P,12,NC,5,2025-12-09 21:25:17,2025-12-09 22:10:03,44.8,,공통
b150_overload_r1,Proposed,92,BLK_92P,12,베이35A 론지취부,6,2025-12-09 22:10:03,2025-12-09 23:22:39,72.6,35A,베이35A
b150_overload_r1,Proposed,92,BLK_92P,12,베이35A 론지용접,7,2025-12-09 23:22:39,2025-12-09 23:47:31,24.9,35A,베이35A
b150_overload_r1,Proposed,92,BLK_92P,12,베이35A 수정,8,2025-12-09 23:47:31,2025-12-10 00:31:44,44.2,35A,베이35A
b150_overload_r1,Proposed,93,BLK_93P,13,판계,1,2025-12-09 13:50:54,2025-12-09 14:23:54,33.0,,공통
b150_overload_r1,Proposed,93,BLK_93P,13,전면SAW,2,2025-12-09 18:43:53,2025-12-09 19:16:29,32.6,,공통
b150_overload_r1,Proposed,93,BLK_93P,13,TurnOver,3,2025-12-09 19:16:29,2025-12-09 19:29:41,13.2,,공통
b150_overload_r1,Proposed,93,BLK_93P,13,후면SAW,4,2025-12-09 19:35:37,2025-12-09 19:55:15,19.6,,공통
b150_overload_r1,Proposed,93,BLK_93P,13,NC,5,2025-12-09 22:10:03,2025-12-09 23:01:36,51.5,,공통
b150_overload_r1,Proposed,93,BLK_93P,13,베이36B 론지취부,6,2025-12-09 23:01:36,2025-12-10 00:10:21,68.8,36B,베이36B
b150_overload_r1,Proposed,93,BLK_93P,13,베이36B 론지용접,7,2025-12-10 00:10:21,2025-12-10 00:34:33,24.2,36B,베이36B
b150_overload_r1,Proposed,93,BLK_93P,13,베이36B 수정,8,2025-12-10 00:34:33,2025-12-10 01:16:21,41.8,36B,베이36B
b150_overload_r1,Proposed,103,BLK_103C,14,판계,1,2025-12-09 14:23:54,2025-12-09 14:51:24,27.5,,공통
b150_overload_r1,Proposed,103,BLK_103C,14,전면SAW,2,2025-12-09 19:16:29,2025-12-09 19:47:54,31.4,,공통
b150_overload_r1,Proposed,103,BLK_103C,14,TurnOver,3,2025-12-09 19:47:54,2025-12-09 20:01:06,13.2,,공통
b150_overload_r1,Proposed,103,BLK_103C,14,후면SAW,4,2025-12-09 20:01:06,2025-12-09 20:19:13,18.1,,공통
b150_overload_r1,Proposed,103,BLK_103C,14,NC,5,2025-12-09 23:01:36,2025-12-09 23:34:57,33.4,,공통
b150_overload_r1,Proposed,103,BLK_103C,14,베이35A 론지취부,6,2025-12-09 23:34:57,2025-12-10 00:12:54,38.0,35A,베이35A
b150_overload_r1,Proposed,103,BLK_103C,14,베이35A 론지용접,7,2025-12-10 00:12:54,2025-12-10 00:27:25,14.5,35A,베이35A
b150_overload_r1,Proposed,103,BLK_103C,14,베이35A 수정,8,2025-12-10 00:31:44,2025-12-10 00:54:10,22.4,35A,베이35A
b150_overload_r1,Proposed,107,BLK_107C,15,판계,1,2025-12-09 14:51:24,2025-12-09 15:13:24,22.0,,공통
b150_overload_r1,Proposed,107,BLK_107C,15,전면SAW,2,2025-12-09 19:47:54,2025-12-09 20:38:44,50.8,,공통
b150_overload_r1,Proposed,107,BLK_107C,15,TurnOver,3,2025-12-09 20:38:44,2025-12-09 20:51:56,13.2,,공통
b150_overload_r1,Proposed,107,BLK_107C,15,후면SAW,4,2025-12-09 20:51:56,2025-12-09 21:35:35,43.6,,공통
b150_overload_r1,Proposed,107,BLK_107C,15,NC,5,2025-12-09 23:34:57,2025-12-10 00:06:11,31.2,,공통
b150_overload_r1,Proposed,107,BLK_107C,15,베이36B 론지취부,6,2025-12-10 00:10:21,2025-12-10 01:11:24,61.1,36B,베이36B
b150_overload_r1,Proposed,107,BLK_107C,15,베이36B 론지용접,7,2025-12-10 01:11:24,2025-12-10 01:34:17,22.9,36B,베이36B
b150_overload_r1,Proposed,107,BLK_107C,15,베이36B 수정,8,2025-12-10 01:34:17,2025-12-10 02:11:14,37.0,36B,베이36B
b150_overload_r1,Proposed,111,BLK_111S,16,판계,1,2025-12-09 15:13:24,2025-12-09 15:40:54,27.5,,공통
b150_overload_r1,Proposed,111,BLK_111S,16,전면SAW,2,2025-12-09 20:38:44,2025-12-09 21:15:54,37.2,,공통
b150_overload_r1,Proposed,111,BLK_111S,16,TurnOver,3,2025-12-09 21:15:54,2025-12-09 21:29:06,13.2,,공통
b150_overload_r1,Proposed,111,BLK_111S,16,후면SAW,4,2025-12-09 21:35:35,2025-12-09 22:01:15,25.7,,공통
b150_overload_r1,Proposed,111,BLK_111S,16,NC,5,2025-12-10 00:06:11,2025-12-10 00:42:43,36.5,,공통
b150_overload_r1,Proposed,111,BLK_111S,16,베이35A 론지취부,6,2025-12-10 00:42:43,2025-12-10 01:39:55,57.2,35A,베이35A
b150_overload_r1,Proposed,111,BLK_111S,16,베이35A 론지용접,7,2025-12-10 01:39:55,2025-12-10 02:02:08,22.2,35A,베이35A
b150_overload_r1,Proposed,111,BLK_111S,16,베이35A 수정,8,2025-12-10 02:02:08,2025-12-10 02:36:41,34.5,35A,베이35A
b150_overload_r1,Proposed,114,BLK_114C,17,판계,1,2025-12-09 15:40:54,2025-12-09 16:13:54,33.0,,공통
b150_overload_r1,Proposed,114,BLK_114C,17,전면SAW,2,2025-12-09 21:15:54,2025-12-09 21:47:46,31.9,,공통
b150_overload_r1,Proposed,114,BLK_114C,17,TurnOver,3,2025-12-09 21:47:46,2025-12-09 22:00:58,13.2,,공통
b150_overload_r1,Proposed,114,BLK_114C,17,후면SAW,4,2025-12-09 22:01:15,2025-12-09 22:19:56,18.7,,공통
b150_overload_r1,Proposed,114,BLK_114C,17,NC,5,2025-12-10 00:42:43,2025-12-10 01:28:02,45.3,,공통
b150_overload_r1,Proposed,114,BLK_114C,17,베이36B 론지취부,6,2025-12-10 01:28:02,2025-12-10 02:40:38,72.6,36B,베이36B
b150_overload_r1,Proposed,114,BLK_114C,17,베이36B 론지용접,7,2025-12-10 02:40:38,2025-12-10 03:05:30,24.9,36B,베이36B
b150_overload_r1,Proposed,114,BLK_114C,17,베이36B 수정,8,2025-12-10 03:05:30,2025-12-10 03:49:43,44.2,36B,베이36B
b150_overload_r1,Proposed,133,BLK_133P,18,판계,1,2025-12-09 16:13:54,2025-12-09 16:46:54,33.0,,공통
b150_overload_r1,Proposed,133,BLK_133P,18,전면SAW,2,2025-12-09 21:47:46,2025-12-09 22:23:30,35.7,,공통
b150_overload_r1,Proposed,133,BLK_133P,18,TurnOver,3,2025-12-09 22:23:30,2025-12-09 22:36:42,13.2,,공통
b150_overload_r1,Proposed,133,BLK_133P,18,후면SAW,4,2025-12-09 22:36:42,2025-12-09 23:00:30,23.8,,공통
b150_overload_r1,Proposed,133,BLK_133P,18,NC,5,2025-12-10 01:28:02,2025-12-10 02:13:15,45.2,,공통
b150_overload_r1,Proposed,133,BLK_133P,18,베이35A 론지취부,6,2025-12-10 02:13:15,2025-12-10 03:33:33,80.3,35A,베이35A
b150_overload_r1,Proposed,133,BLK_133P,18,베이35A 론지용접,7,2025-12-10 03:33:33,2025-12-10 03:59:44,26.2,35A,베이35A
b150_overload_r1,Proposed,133,BLK_133P,18,베이35A 수정,8,2025-12-10 03:59:44,2025-12-10 04:48:47,49.1,35A,베이35A
b150_overload_r1,Proposed,136,BLK_136C,19,판계,1,2025-12-09 16:46:54,2025-12-09 17:08:54,22.0,,공통
b150_overload_r1,Proposed,136,BLK_136C,19,전면SAW,2,2025-12-09 22:23:30,2025-12-09 23:18:59,55.5,,공통
b150_overload_r1,Proposed,136,BLK_136C,19,TurnOver,3,2025-12-09 23:18:59,2025-12-09 23:32:11,13.2,,공통
b150_overload_r1,Proposed,136,BLK_136C,19,후면SAW,4,2025-12-09 23:32:11,2025-12-10 00:21:58,49.8,,공통
b150_overload_r1,Proposed,136,BLK_136C,19,NC,5,2025-12-10 02:13:15,2025-12-10 02:43:29,30.2,,공통
b150_overload_r1,Proposed,136,BLK_136C,19,베이36B 론지취부,6,2025-12-10 02:43:29,2025-12-10 03:36:50,53.4,36B,베이36B
b150_overload_r1,Proposed,136,BLK_136C,19,베이36B 론지용접,7,2025-12-10 03:36:50,2025-12-10 03:58:23,21.6,36B,베이36B
b150_overload_r1,Proposed,136,BLK_136C,19,베이36B 수정,8,2025-12-10 03:58:23,2025-12-10 04:30:30,32.1,36B,베이36B
b150_overload_r1,Proposed,94,BLK_94P,20,판계,1,2025-12-09 17:08:54,2025-12-09 17:58:24,49.5,,공통
b150_overload_r1,Proposed,94,BLK_94P,20,전면SAW,2,2025-12-09 23:18:59,2025-12-10 01:43:35,144.6,,공통
b150_overload_r1,Proposed,94,BLK_94P,20,TurnOver,3,2025-12-10 01:43:35,2025-12-10 01:56:47,13.2,,공통
b150_overload_r1,Proposed,94,BLK_94P,20,후면SAW,4,2025-12-10 01:56:47,2025-12-10 04:25:35,148.8,,공통
b150_overload_r1,Proposed,94,BLK_94P,20,NC,5,2025-12-10 04:25:35,2025-12-10 05:33:34,68.0,,공통
b150_overload_r1,Proposed,94,BLK_94P,20,베이36B 론지취부,6,2025-12-10 05:33:34,2025-12-10 07:40:04,126.5,36B,베이36B
b150_overload_r1,Proposed,94,BLK_94P,20,베이36B 론지용접,7,2025-12-10 07:40:04,2025-12-10 08:14:10,34.1,36B,베이36B
b150_overload_r1,Proposed,94,BLK_94P,20,베이36B 수정,8,2025-12-10 08:14:10,2025-12-10 09:32:16,78.1,36B,베이36B
b150_overload_r1,Proposed,67,BLK_67C,1,판계,1,2025-12-10 08:00:00,2025-12-10 08:41:48,41.8,,공통
b150_overload_r1,Proposed,67,BLK_67C,1,전면SAW,2,2025-12-10 08:41:48,2025-12-10 10:31:24,109.6,,공통
b150_overload_r1,Proposed,67,BLK_67C,1,TurnOver,3,2025-12-10 10:31:24,2025-12-10 10:44:36,13.2,,공통
b150_overload_r1,Proposed,67,BLK_67C,1,후면SAW,4,2025-12-10 10:44:36,2025-12-10 12:11:05,86.5,,공통
b150_overload_r1,Proposed,67,BLK_67C,1,NC,5,2025-12-10 12:11:05,2025-12-10 13:07:01,55.9,,공통
b150_overload_r1,Proposed,67,BLK_67C,1,베이36B 론지취부,6,2025-12-10 13:07:01,2025-12-10 14:15:46,68.8,36B,베이36B
b150_overload_r1,Proposed,67,BLK_67C,1,베이36B 론지용접,7,2025-12-10 14:15:46,2025-12-10 14:39:58,24.2,36B,베이36B
b150_overload_r1,Proposed,67,BLK_67C,1,베이36B 수정,8,2025-12-10 14:39:58,2025-12-10 15:21:46,41.8,36B,베이36B
b150_overload_r1,Proposed,85,BLK_85C,2,판계,1,2025-12-10 08:41:48,2025-12-10 09:18:06,36.3,,공통
b150_overload_r1,Proposed,85,BLK_85C,2,전면SAW,2,2025-12-10 10:31:24,2025-12-10 12:33:14,121.8,,공통
b150_overload_r1,Proposed,85,BLK_85C,2,TurnOver,3,2025-12-10 12:33:14,2025-12-10 12:46:26,13.2,,공통
b150_overload_r1,Proposed,85,BLK_85C,2,후면SAW,4,2025-12-10 12:46:26,2025-12-10 14:48:41,122.3,,공통
b150_overload_r1,Proposed,85,BLK_85C,2,NC,5,2025-12-10 14:48:41,2025-12-10 15:34:56,46.3,,공통
b150_overload_r1,Proposed,85,BLK_85C,2,베이35A 론지취부,6,2025-12-10 15:34:56,2025-12-10 16:59:05,84.2,35A,베이35A
b150_overload_r1,Proposed,85,BLK_85C,2,베이35A 론지용접,7,2025-12-10 16:59:05,2025-12-10 17:25:56,26.8,35A,베이35A
b150_overload_r1,Proposed,85,BLK_85C,2,베이35A 수정,8,2025-12-10 17:25:56,2025-12-10 18:17:25,51.5,35A,베이35A
b150_overload_r1,Proposed,104,BLK_104C,3,판계,1,2025-12-10 09:18:06,2025-12-10 10:07:36,49.5,,공통
b150_overload_r1,Proposed,104,BLK_104C,3,전면SAW,2,2025-12-10 12:33:14,2025-12-10 13:18:56,45.7,,공통
b150_overload_r1,Proposed,104,BLK_104C,3,TurnOver,3,2025-12-10 13:18:56,2025-12-10 13:32:08,13.2,,공통
b150_overload_r1,Proposed,104,BLK_104C,3,후면SAW,4,2025-12-10 14:48:41,2025-12-10 15:25:36,36.9,,공통
b150_overload_r1,Proposed,104,BLK_104C,3,NC,5,2025-12-10 15:34:56,2025-12-10 16:34:42,59.8,,공통
b150_overload_r1,Proposed,104,BLK_104C,3,베이36B 론지취부,6,2025-12-10 16:34:42,2025-12-10 18:21:57,107.3,36B,베이36B
b150_overload_r1,Proposed,104,BLK_104C,3,베이36B 론지용접,7,2025-12-10 18:21:57,2025-12-10 18:52:45,30.8,36B,베이36B
b150_overload_r1,Proposed,104,BLK_104C,3,베이36B 수정,8,2025-12-10 18:52:45,2025-12-10 19:58:45,66.0,36B,베이36B
b150_overload_r1,Proposed,73,BLK_73P,4,판계,1,2025-12-10 10:07:36,2025-12-10 10:51:36,44.0,,공통
b150_overload_r1,Proposed,73,BLK_73P,4,전면SAW,2,2025-12-10 13:18:56,2025-12-10 16:19:36,180.7,,공통
b150_overload_r1,Proposed,73,BLK_73P,4,TurnOver,3,2025-12-10 16:19:36,2025-12-10 16:32:48,13.2,,공통
b150_overload_r1,Proposed,73,BLK_73P,4,후면SAW,4,2025-12-10 16:32:48,2025-12-10 18:46:28,133.7,,공통
b150_overload_r1,Proposed,73,BLK_73P,4,NC,5,2025-12-10 18:46:28,2025-12-10 19:37:15,50.8,,공통
b150_overload_r1,Proposed,73,BLK_73P,4,베이35A 론지취부,6,2025-12-10 19:37:15,2025-12-10 21:01:24,84.2,35A,베이35A
b150_overload_r1,Proposed,73,BLK_73P,4,베이35A 론지용접,7,2025-12-10 21:01:24,2025-12-10 21:28:14,26.8,35A,베이35A
b150_overload_r1,Proposed,73,BLK_73P,4,베이35A 수정,8,2025-12-10 21:28:14,2025-12-10 22:19:43,51.5,35A,베이35A
b150_overload_r1,Proposed,97,BLK_97C,5,판계,1,2025-12-10 10:51:36,2025-12-10 11:19:06,27.5,,공통
b150_overload_r1,Proposed,97,BLK_97C,5,전면SAW,2,2025-12-10 16:19:36,2025-12-10 16:55:36,36.0,,공통
b150_overload_r1,Proposed,97,BLK_97C,5,TurnOver,3,2025-12-10 16:55:36,2025-12-10 17:08:48,13.2,,공통
b150_overload_r1,Proposed,97,BLK_97C,5,후면SAW,4,2025-12-10 18:46:28,2025-12-10 19:10:36,24.1,,공통
b150_overload_r1,Proposed,97,BLK_97C,5,NC,5,2025-12-10 19:37:15,2025-12-10 20:18:15,41.0,,공통
b150_overload_r1,Proposed,97,BLK_97C,5,베이36B 론지취부,6,2025-12-10 20:18:15,2025-12-10 21:57:48,99.6,36B,베이36B
b150_overload_r1,Proposed,97,BLK_97C,5,베이36B 론지용접,7,2025-12-10 21:57:48,2025-12-10 22:27:17,29.5,36B,베이36B
b150_overload_r1,Proposed,97,BLK_97C,5,베이36B 수정,8,2025-12-10 22:27:17,2025-12-10 23:28:26,61.2,36B,베이36B
b150_overload_r1,Proposed,113,BLK_113P,6,판계,1,2025-12-10 11:19:06,2025-12-10 11:52:06,33.0,,공통
b150_overload_r1,Proposed,113,BLK_113P,6,전면SAW,2,2025-12-10 16:55:36,2025-12-10 17:35:42,40.1,,공통
b150_overload_r1,Proposed,113,BLK_113P,6,TurnOver,3,2025-12-10 17:35:42,2025-12-10 17:48:54,13.2,,공통
b150_overload_r1,Proposed,113,BLK_113P,6,후면SAW,4,2025-12-10 19:10:36,2025-12-10 19:40:07,29.5,,공통
b150_overload_r1,Proposed,113,BLK_113P,6,NC,5,2025-12-10 20:18:15,2025-12-10 21:14:22,56.1,,공통
b150_overload_r1,Proposed,113,BLK_113P,6,베이36B 론지취부,6,2025-12-10 21:57:48,2025-12-10 23:41:12,103.4,36B,베이36B
b150_overload_r1,Proposed,113,BLK_113P,6,베이36B 론지용접,7,2025-12-10 23:41:12,2025-12-11 00:11:20,30.1,36B,베이36B
b150_overload_r1,Proposed,113,BLK_113P,6,베이36B 수정,8,2025-12-11 00:11:20,2025-12-11 01:14:55,63.6,36B,베이36B
b150_overload_r1,Proposed,81,BLK_81S,7,판계,1,2025-12-10 11:52:06,2025-12-10 12:33:54,41.8,,공통
b150_overload_r1,Proposed,81,BLK_81S,7,전면SAW,2,2025-12-10 17:35:42,2025-12-10 18:57:38,81.9,,공통
b150_overload_r1,Proposed,81,BLK_81S,7,TurnOver,3,2025-12-10 18:57:38,2025-12-10 19:10:50,13.2,,공통
b150_overload_r1,Proposed,81,BLK_81S,7,후면SAW,4,2025-12-10 19:40:07,2025-12-10 20:41:21,61.2,,공통
b150_overload_r1,Proposed,81,BLK_81S,7,NC,5,2025-12-10 21:14:22,2025-12-10 22:01:32,47.2,,공통
b150_overload_r1,Proposed,81,BLK_81S,7,베이35A 론지취부,6,2025-12-10 22:01:32,2025-12-10 22:54:53,53.4,35A,베이35A
b150_overload_r1,Proposed,81,BLK_81S,7,베이35A 론지용접,7,2025-12-10 22:54:53,2025-12-10 23:16:27,21.6,35A,베이35A
b150_overload_r1,Proposed,81,BLK_81S,7,베이35A 수정,8,2025-12-10 23:16:27,2025-12-10 23:48:34,32.1,35A,베이35A
b150_overload_r1,Proposed,126,BLK_126C,8,판계,1,2025-12-10 12:33:54,2025-12-10 13:06:54,33.0,,공통
b150_overload_r1,Proposed,126,BLK_126C,8,전면SAW,2,2025-12-10 18:57:38,2025-12-10 19:34:09,36.5,,공통
b150_overload_r1,Proposed,126,BLK_126C,8,TurnOver,3,2025-12-10 19:34:09,2025-12-10 19:47:21,13.2,,공통
b150_overload_r1,Proposed,126,BLK_126C,8,후면SAW,4,2025-12-10 20:41:21,2025-12-10 21:06:11,24.8,,공통
b150_overload_r1,Proposed,126,BLK_126C,8,NC,5,2025-12-10 22:01:32,2025-12-10 22:48:47,47.2,,공통
b150_overload_r1,Proposed,126,BLK_126C,8,베이36B 론지취부,6,2025-12-10 23:41:12,2025-12-11 01:13:03,91.9,36B,베이36B
b150_overload_r1,Proposed,126,BLK_126C,8,베이36B 론지용접,7,2025-12-11 01:13:03,2025-12-11 01:41:12,28.2,36B,베이36B
b150_overload_r1,Proposed,126,BLK_126C,8,베이36B 수정,8,2025-12-11 01:41:12,2025-12-11 02:37:32,56.3,36B,베이36B
b150_overload_r1,Proposed,127,BLK_127C,9,판계,1,2025-12-10 13:06:54,2025-12-10 13:34:24,27.5,,공통
b150_overload_r1,Proposed,127,BLK_127C,9,전면SAW,2,2025-12-10 19:34:09,2025-12-10 20:16:23,42.2,,공통
b150_overload_r1,Proposed,127,BLK_127C,9,TurnOver,3,2025-12-10 20:16:23,2025-12-10 20:29:35,13.2,,공통
b150_overload_r1,Proposed,127,BLK_127C,9,후면SAW,4,2025-12-10 21:06:11,2025-12-10 21:38:31,32.3,,공통
b150_overload_r1,Proposed,127,BLK_127C,9,NC,5,2025-12-10 22:48:47,2025-12-10 23:31:28,42.7,,공통
b150_overload_r1,Proposed,127,BLK_127C,9,베이35A 론지취부,6,2025-12-10 23:31:28,2025-12-11 00:59:28,88.0,35A,베이35A
b150_overload_r1,Proposed,127,BLK_127C,9,베이35A 론지용접,7,2025-12-11 00:59:28,2025-12-11 01:26:58,27.5,35A,베이35A
b150_overload_r1,Proposed,127,BLK_127C,9,베이35A 수정,8,2025-12-11 01:26:58,2025-12-11 02:20:52,53.9,35A,베이35A
b150_overload_r1,Proposed,52,BLK_52S,10,판계,1,2025-12-10 13:34:24,2025-12-10 14:18:24,44.0,,공통
b150_overload_r1,Proposed,52,BLK_52S,10,전면SAW,2,2025-12-10 20:16:23,2025-12-10 22:58:42,162.3,,공통
b150_overload_r1,Proposed,52,BLK_52S,10,TurnOver,3,2025-12-10 22:58:42,2025-12-10 23:11:54,13.2,,공통
b150_overload_r1,Proposed,52,BLK_52S,10,후면SAW,4,2025-12-10 23:11:54,2025-12-11 01:10:53,119.0,,공통
b150_overload_r1,Proposed,52,BLK_52S,10,NC,5,2025-12-11 01:10:53,2025-12-11 02:02:29,51.6,,공통
b150_overload_r1,Proposed,52,BLK_52S,10,베이36B 론지취부,6,2025-12-11 02:02:29,2025-12-11 03:07:23,64.9,36B,베이36B
b150_overload_r1,Proposed,52,BLK_52S,10,베이36B 론지용접,7,2025-12-11 03:07:23,2025-12-11 03:30:56,23.5,36B,베이36B
b150_overload_r1,Proposed,52,BLK_52S,10,베이36B 수정,8,2025-12-11 03:30:56,2025-12-11 04:10:19,39.4,36B,베이36B
b150_overload_r1,Proposed,4,BLK_4C,11,판계,1,2025-12-10 14:18:24,2025-12-10 14:51:24,33.0,,공통
b150_overload_r1,Proposed,4,BLK_4C,11,전면SAW,2,2025-12-10 22:58:42,2025-12-10 23:44:16,45.6,,공통
b150_overload_r1,Proposed,4,BLK_4C,11,TurnOver,3,2025-12-10 23:44:16,2025-12-10 23:57:28,13.2,,공통
b150_overload_r1,Proposed,4,BLK_4C,11,후면SAW,4,2025-12-11 01:10:53,2025-12-11 01:47:37,36.7,,공통
b150_overload_r1,Proposed,4,BLK_4C,11,NC,5,2025-12-11 02:02:29,2025-12-11 02:49:44,47.2,,공통
b150_overload_r1,Proposed,4,BLK_4C,11,베이35A 론지취부,6,2025-12-11 02:49:44,2025-12-11 04:10:02,80.3,35A,베이35A
b150_overload_r1,Proposed,4,BLK_4C,11,베이35A 론지용접,7,2025-12-11 04:10:02,2025-12-11 04:36:13,26.2,35A,베이35A
b150_overload_r1,Proposed,4,BLK_4C,11,베이35A 수정,8,2025-12-11 04:36:13,2025-12-11 05:25:17,49.1,35A,베이35A
b150_overload_r1,Proposed,44,BLK_44C,12,판계,1,2025-12-10 14:51:24,2025-12-10 15:29:54,38.5,,공통
b150_overload_r1,Proposed,44,BLK_44C,12,전면SAW,2,2025-12-10 23:44:16,2025-12-11 02:37:57,173.7,,공통
b150_overload_r1,Proposed,44,BLK_44C,12,TurnOver,3,2025-12-11 02:37:57,2025-12-11 02:51:09,13.2,,공통
b150_overload_r1,Proposed,44,BLK_44C,12,후면SAW,4,2025-12-11 02:51:09,2025-12-11 05:22:15,151.1,,공통
b150_overload_r1,Proposed,44,BLK_44C,12,NC,5,2025-12-11 05:22:15,2025-12-11 06:02:48,40.5,,공통
b150_overload_r1,Proposed,44,BLK_44C,12,베이36B 론지취부,6,2025-12-11 06:02:48,2025-12-11 06:56:09,53.4,36B,베이36B
b150_overload_r1,Proposed,44,BLK_44C,12,베이36B 론지용접,7,2025-12-11 06:56:09,2025-12-11 07:17:42,21.6,36B,베이36B
b150_overload_r1,Proposed,44,BLK_44C,12,베이36B 수정,8,2025-12-11 07:17:42,2025-12-11 07:49:50,32.1,36B,베이36B
b150_overload_r1,Proposed,20,BLK_20C,13,판계,1,2025-12-10 15:29:54,2025-12-10 16:02:54,33.0,,공통
b150_overload_r1,Proposed,20,BLK_20C,13,전면SAW,2,2025-12-11 02:37:57,2025-12-11 03:10:57,33.0,,공통
b150_overload_r1,Proposed,20,BLK_20C,13,TurnOver,3,2025-12-11 03:10:57,2025-12-11 03:24:09,13.2,,공통
b150_overload_r1,Proposed,20,BLK_20C,13,후면SAW,4,2025-12-11 05:22:15,2025-12-11 05:42:25,20.2,,공통
b150_overload_r1,Proposed,20,BLK_20C,13,NC,5,2025-12-11 06:02:48,2025-12-11 06:48:33,45.7,,공통
b150_overload_r1,Proposed,20,BLK_20C,13,베이35A 론지취부,6,2025-12-11 06:48:33,2025-12-11 07:53:27,64.9,35A,베이35A
b150_overload_r1,Proposed,20,BLK_20C,13,베이35A 론지용접,7,2025-12-11 07:53:27,2025-12-11 08:16:59,23.5,35A,베이35A
b150_overload_r1,Proposed,20,BLK_20C,13,베이35A 수정,8,2025-12-11 08:16:59,2025-12-11 08:56:22,39.4,35A,베이35A
b150_overload_r1,Proposed,32,BLK_32S,14,판계,1,2025-12-10 16:02:54,2025-12-10 16:33:42,30.8,,공통
b150_overload_r1,Proposed,32,BLK_32S,14,전면SAW,2,2025-12-11 03:10:57,2025-12-11 05:05:31,114.6,,공통
b150_overload_r1,Proposed,32,BLK_32S,14,TurnOver,3,2025-12-11 05:05:31,2025-12-11 05:18:43,13.2,,공통
b150_overload_r1,Proposed,32,BLK_32S,14,후면SAW,4,2025-12-11 05:42:25,2025-12-11 07:36:13,113.8,,공통
b150_overload_r1,Proposed,32,BLK_32S,14,NC,5,2025-12-11 07:36:13,2025-12-11 08:12:53,36.7,,공통
b150_overload_r1,Proposed,32,BLK_32S,14,베이36B 론지취부,6,2025-12-11 08:12:53,2025-12-11 09:06:14,53.4,36B,베이36B
b150_overload_r1,Proposed,32,BLK_32S,14,베이36B 론지용접,7,2025-12-11 09:06:14,2025-12-11 09:27:48,21.6,36B,베이36B
b150_overload_r1,Proposed,32,BLK_32S,14,베이36B 수정,8,2025-12-11 09:27:48,2025-12-11 09:59:55,32.1,36B,베이36B
b150_overload_r1,Proposed,48,BLK_48C,15,판계,1,2025-12-10 16:33:42,2025-12-10 17:06:42,33.0,,공통
b150_overload_r1,Proposed,48,BLK_48C,15,전면SAW,2,2025-12-11 05:05:31,2025-12-11 05:41:19,35.8,,공통
b150_overload_r1,Proposed,48,BLK_48C,15,TurnOver,3,2025-12-11 05:41:19,2025-12-11 05:54:31,13.2,,공통
b150_overload_r1,Proposed,48,BLK_48C,15,후면SAW,4,2025-12-11 07:36:13,2025-12-11 08:00:05,23.9,,공통
b150_overload_r1,Proposed,48,BLK_48C,15,NC,5,2025-12-11 08:12:53,2025-12-11 08:58:39,45.8,,공통
b150_overload_r1,Proposed,48,BLK_48C,15,베이35A 론지취부,6,2025-12-11 08:58:39,2025-12-11 09:59:42,61.1,35A,베이35A
b150_overload_r1,Proposed,48,BLK_48C,15,베이35A 론지용접,7,2025-12-11 09:59:42,2025-12-11 10:22:34,22.9,35A,베이35A
b150_overload_r1,Proposed,48,BLK_48C,15,베이35A 수정,8,2025-12-11 10:22:34,2025-12-11 10:59:32,37.0,35A,베이35A
b150_overload_r1,Proposed,147,BLK_6P,5,판계,1,2025-12-02 08:00:00,2025-12-02 08:36:18,36.3,,공통
b150_overload_r1,Proposed,147,BLK_6P,5,전면SAW,2,2025-12-02 08:36:18,2025-12-02 10:30:15,114.0,,공통
b150_overload_r1,Proposed,147,BLK_6P,5,TurnOver,3,2025-12-02 10:30:15,2025-12-02 10:43:27,13.2,,공통
b150_overload_r1,Proposed,147,BLK_6P,5,후면SAW,4,2025-12-02 10:43:27,2025-12-02 12:13:54,90.4,,공통
b150_overload_r1,Proposed,147,BLK_6P,5,NC,5,2025-12-02 12:13:54,2025-12-02 13:00:53,47.0,,공통
b150_overload_r1,Proposed,147,BLK_6P,5,베이35A 론지취부,6,2025-12-02 13:00:53,2025-12-02 14:40:26,99.6,35A,베이35A
b150_overload_r1,Proposed,147,BLK_6P,5,베이35A 론지용접,7,2025-12-02 14:40:26,2025-12-02 15:09:55,29.5,35A,베이35A
b150_overload_r1,Proposed,147,BLK_6P,5,베이35A 수정,8,2025-12-02 15:09:55,2025-12-02 16:11:05,61.2,35A,베이35A
b150_overload_r1,Proposed,148,BLK_137S,89,판계,1,2025-12-09 09:00:30,2025-12-09 09:44:30,44.0,,공통
b150_overload_r1,Proposed,148,BLK_137S,89,전면SAW,2,2025-12-09 09:44:34,2025-12-09 12:46:40,182.1,,공통
b150_overload_r1,Proposed,148,BLK_137S,89,TurnOver,3,2025-12-09 12:46:40,2025-12-09 12:59:52,13.2,,공통
b150_overload_r1,Proposed,148,BLK_137S,89,후면SAW,4,2025-12-09 12:59:52,2025-12-09 15:14:41,134.8,,공통
b150_overload_r1,Proposed,148,BLK_137S,89,NC,5,2025-12-09 15:14:41,2025-12-09 16:07:23,52.7,,공통
b150_overload_r1,Proposed,148,BLK_137S,89,베이36B 론지취부,6,2025-12-09 16:07:23,2025-12-09 17:39:14,91.9,36B,베이36B
b150_overload_r1,Proposed,148,BLK_137S,89,베이36B 론지용접,7,2025-12-09 17:39:14,2025-12-09 18:07:23,28.2,36B,베이36B
b150_overload_r1,Proposed,148,BLK_137S,89,베이36B 수정,8,2025-12-09 18:07:23,2025-12-09 19:03:43,56.3,36B,베이36B
b150_overload_r1,Proposed,150,BLK_83C,101,판계,1,2025-12-07 08:00:00,2025-12-07 08:33:00,33.0,,공통
b150_overload_r1,Proposed,150,BLK_83C,101,전면SAW,2,2025-12-07 08:33:00,2025-12-07 10:26:47,113.8,,공통
b150_overload_r1,Proposed,150,BLK_83C,101,TurnOver,3,2025-12-07 10:26:47,2025-12-07 10:39:59,13.2,,공통
b150_overload_r1,Proposed,150,BLK_83C,101,후면SAW,4,2025-12-07 10:39:59,2025-12-07 12:10:15,90.3,,공통
b150_overload_r1,Proposed,150,BLK_83C,101,NC,5,2025-12-07 12:10:15,2025-12-07 13:08:46,58.5,,공통
b150_overload_r1,Proposed,150,BLK_83C,101,베이36B 론지취부,6,2025-12-07 13:08:46,2025-12-07 14:21:22,72.6,35A,베이36B
b150_overload_r1,Proposed,150,BLK_83C,101,베이36B 론지용접,7,2025-12-07 14:21:22,2025-12-07 14:46:14,24.9,35A,베이36B
b150_overload_r1,Proposed,150,BLK_83C,101,베이36B 수정,8,2025-12-07 14:46:14,2025-12-07 15:30:27,44.2,35A,베이36B
b150_overload_r1,Proposed,149,BLK_57P,128,판계,1,2025-12-09 08:33:00,2025-12-09 09:00:30,27.5,,공통
b150_overload_r1,Proposed,149,BLK_57P,128,전면SAW,2,2025-12-09 09:09:14,2025-12-09 09:44:34,35.3,,공통
b150_overload_r1,Proposed,149,BLK_57P,128,TurnOver,3,2025-12-09 09:44:34,2025-12-09 09:57:46,13.2,,공통
b150_overload_r1,Proposed,149,BLK_57P,128,후면SAW,4,2025-12-09 09:57:46,2025-12-09 10:21:02,23.3,,공통
b150_overload_r1,Proposed,149,BLK_57P,128,NC,5,2025-12-09 10:35:02,2025-12-09 11:15:38,40.6,,공통
b150_overload_r1,Proposed,149,BLK_57P,128,베이35A 론지취부,6,2025-12-09 11:15:38,2025-12-09 12:39:47,84.2,35A,베이35A
b150_overload_r1,Proposed,149,BLK_57P,128,베이35A 론지용접,7,2025-12-09 12:39:47,2025-12-09 13:06:37,26.8,35A,베이35A
b150_overload_r1,Proposed,149,BLK_57P,128,베이35A 수정,8,2025-12-09 13:06:37,2025-12-09 13:58:06,51.5,35A,베이35A
